IMG01.JPG IMG02.JPG
1 2
2 9
3 10
4 6
5 16
6 3
7 4
8 5
9 14
10 15
11 8
12 17
13 18
14 12
15 19
16 11
19 22
20 20
21 23
23 29
26 27
29 25
31 31
32 26
34 28
35 34
36 33
37 30
38 36
39 46
40 32
41 52
42 35
44 43
45 45
46 42
48 62
50 51
52 47
53 50
54 54
56 48
57 59
58 61
59 66
60 76
61 77
62 58
63 65
64 63
65 68
66 80
67 75
68 70
69 85
71 56
72 74
73 95
74 79
77 72
79 73
85 81
86 82
87 84
88 93
90 91
91 97
92 83
93 111
94 92
95 102
96 103
97 105
101 107
102 106
103 128
104 122
105 86
106 110
107 121
108 89
110 135
111 116
113 141
114 96
115 115
116 124
118 139
120 134
121 148
123 131
124 140
125 146
126 151
127 109
128 112
129 130
131 138
133 137
135 114
136 156
137 176
138 123
139 125
142 160
144 136
145 144
146 150
150 175
151 143
152 158
154 142
155 209
156 194
158 173
162 183
163 211
164 154
165 157
166 169
168 188
169 182
171 179
172 172
173 181
174 189
175 190
176 193
177 167
178 198
180 210
181 163
182 171
184 192
185 164
186 165
187 162
188 166
189 187
191 208
192 186
193 203
194 196
195 216
196 241
197 185
198 191
199 202
200 232
201 178
203 227
204 231
205 233
206 177
207 200
209 252
210 201
211 205
213 215
214 257
215 251
216 271
217 272
218 214
221 248
222 223
223 239
224 213
226 240
228 256
229 217
230 229
231 236
232 237
233 259
234 235
235 278
236 280
238 298
239 245
240 293
241 225
242 277
243 234
244 276
245 258
246 286
248 317
249 254
250 284
251 292
255 287
257 267
258 262
259 269
260 283
261 285
268 253
269 266
270 302
271 275
272 366
278 274
280 282
281 291
282 309
291 307
292 303
294 341
301 314
309 296
311 308
317 289
320 328
321 324
322 339
323 323
324 327
325 334
327 312
329 331
330 333
334 346
335 358
336 373
342 338
344 350
345 397
352 345
353 371
356 357
357 372
358 380
362 329
363 385
369 355
370 356
371 362
372 363
373 365
379 364
380 386
381 436
382 378
383 384
384 394
385 387
386 396
389 376
390 377
391 391
392 393
399 383
400 411
406 457
408 423
414 392
415 445
416 413
420 416
421 417
422 422
423 428
424 433
425 429
426 441
427 435
428 466
429 462
432 448
433 442
439 415
440 455
441 464
442 1
443 495
453 446
454 473
459 440
460 453
464 471
466 463
469 478
470 479
471 490
478 472
483 487
484 488
486 497
487 494
488 515
489 526
492 486
493 489
494 493
495 506
496 501
497 502
506 513
507 514
508 532
513 512
515 548
518 525
528 511
531 524
532 530
533 547
536 531
537 537
538 529
541 536
546 553
547 563
548 558
549 554
552 534
553 557
557 575
558 567
559 562
561 576
566 574
567 584
575 565
576 580
577 599
578 595
580 587
581 589
586 598
588 596
589 607
597 600
602 617
603 620
604 628
605 623
606 625
607 634
608 621
609 622
612 629
613 624
615 642
616 666
621 618
622 630
623 641
624 660
625 661
635 655
640 659
644 654
651 689
652 665
653 680
654 685
661 664
662 690
668 684
673 694
674 700
678 688
680 712
681 705
682 716
684 695
688 696
689 713
690 701
691 715
692 738
697 723
698 711
699 724
700 729
701 735
713 745
714 741
717 737
718 746
719 751
726 750
730 760
731 762
735 761
743 756
744 772
749 784
752 791
753 783
755 792
756 808
757 782
758 798
759 793
768 819
773 843
774 818
775 838
776 831
784 830
788 825
789 827
791 826
793 862
794 832
798 852
799 847
801 828
802 850
813 861
814 853
815 864
816 880
817 875
824 873
829 882
835 892
836 888
837 883
840 904
846 902
847 903
848 893
849 912
851 901
853 911
854 915
858 914
859 916
860 917
861 923
863 918
864 945
874 931
875 944
876 933
877 941
878 943
879 924
885 951
886 774
890 960
898 957
901 974
902 947
903 975
904 966
905 978
906 981
909 985
910 993
913 1001
920 990
921 999
922 992
927 1005
928 1013
929 991
930 1014
931 1015
936 1007
939 1019
963 1050
964 1046
965 1051
966 1052
967 1055
974 1054
975 1067
976 1069
977 1070
978 1071
979 1072
980 1056
981 1073
982 1057
992 1068
993 1074
994 1076
995 1058
996 1077
999 1085
1000 1075
1001 1078
1002 1079
1007 1086
1012 1097
1015 1116
1019 1118
1025 1130
1027 1131
1032 1137
1037 1153
1044 1142
1050 1152
1052 1169
1079 1210
1092 1244
1097 1262
1098 1232
1099 1226
1102 1242
1103 1238
1107 1249
1117 1250
1125 1289
1126 1258
1131 1270
1134 1294
1137 1309
1140 1292
1143 1308
1146 1293
1148 1320
1149 1314
1154 1301
1177 1335
1178 1330
1179 1331
1182 1364
1183 1334
1184 1350
1186 1363
1187 1386
1192 1345
1194 1396
1196 1397
1197 1398
1198 1375
1199 1351
1200 1344
1209 1410
1210 1355
1211 1369
1220 1366
1221 1371
1222 1352
1223 1359
1227 1403
1228 1372
1236 1391
1237 1392
1238 1378
1239 1379
1248 1414
1249 1431
1250 1390
1257 1458
1258 1406
1259 1401
1261 1394
1271 1460
1272 1461
1273 1462
1282 1468
1283 1469
1284 1470
1285 1472
1287 1473
1288 1474
1291 1475
1292 1476
1293 1440
1294 1419
1295 1444
1296 1409
1303 1490
1304 1471
1305 1491
1306 1493
1307 1478
1308 1453
1309 1432
1310 1433
1311 1456
1312 1449
1313 1435
1317 1415
1320 1434
1329 1495
1331 1496
1332 1463
1333 1450
1339 1499
1340 1454
1342 1464
1346 1564
1347 1511
1348 1512
1352 1522
1353 1500
1355 1483
1359 1577
1361 1513
1362 1514
1363 1529
1373 1533
1375 1528
1376 1503
1380 1585
1381 1578
1382 1553
1383 1579
1384 1588
1386 1542
1394 1584
1397 1535
1398 1544
1400 1590
1401 1555
1403 1545
1405 1547
1406 1536
1407 1548
1408 1537
1414 1568
1415 1556
1416 1557
1417 1569
1418 1558
1420 1560
1421 1546
1422 1549
1429 1559
1430 1571
1431 1582
1434 1607
1435 1567
1436 1561
1442 1640
1443 1594
1448 1609
1449 1622
1450 1601
1458 1631
1459 1662
1461 1610
1462 1612
1463 1647
1472 1625
1473 1626
1477 1683
1478 1673
1480 1623
1481 1628
1488 1718
1489 1682
1491 1689
1492 1645
1495 1596
1500 1705
1503 1657
1504 1636
1506 1614
1507 1650
1516 1695
1517 1706
1520 1649
1526 1684
1528 1710
1529 1711
1530 1663
1539 1750
1540 1751
1542 1762
1543 1734
1544 1686
1545 1687
1546 1696
1547 1677
1548 1666
1549 1658
1554 1795
1556 1760
1558 1761
1559 1713
1560 1714
1561 1690
1565 1651
1566 1678
1571 1709
1572 1697
1573 1699
1574 1740
1575 1667
1577 1679
1578 1680
1579 1668
1584 1715
1585 1727
1586 1728
1587 1716
1588 1691
1589 1810
1591 1752
1592 1754
1593 1725
1594 1726
1608 1811
1609 1796
1611 1738
1620 1741
1621 1756
1623 1742
1628 1809
1629 1841
1630 1830
1633 1772
1634 1773
1635 1743
1636 1763
1637 1745
1645 1783
1646 1775
1647 1777
1648 1764
1654 1798
1655 1825
1656 1784
1657 1799
1659 1744
1660 1746
1661 1779
1662 1757
1663 1758
1664 1765
1668 1866
1671 1835
1672 1812
1673 1836
1675 1814
1676 1800
1686 1887
1687 1832
1688 1778
1689 1780
1690 1788
1698 1904
1699 1855
1700 1813
1704 1803
1706 1787
1711 1905
1713 1815
1714 1802
1718 1801
1719 1786
1724 1963
1725 1947
1726 1998
1727 1917
1728 1856
1729 1857
1730 1873
1731 1874
1732 1860
1733 1847
1735 1877
1740 1948
1741 1871
1742 1875
1743 1861
1744 1848
1745 1862
1755 1972
1756 1911
1757 1893
1758 1894
1759 1859
1760 1927
1767 1973
1768 1944
1769 1919
1770 1920
1771 1910
1772 1922
1773 1912
1775 1876
1776 1864
1781 1999
1783 1923
1784 1924
1785 1895
1786 1896
1787 1878
1789 1880
1796 1952
1797 1925
1798 1886
1802 1899
1811 2012
1812 2015
1813 1936
1814 1956
1815 1937
1816 1913
1817 1897
1819 2023
1820 1951
1823 1939
1824 1929
1825 1930
1826 1931
1830 2035
1831 2013
1832 1954
1835 2047
1837 2031
1838 1955
1839 1940
1849 1976
1852 1957
1860 2004
1861 1977
1862 1978
1863 1979
1864 1990
1865 1991
1866 1992
1871 2095
1873 2032
1876 1980
1877 1993
1878 1994
1879 2005
1888 2076
1889 2051
1890 1995
1896 2105
1897 2119
1898 2106
1899 2070
1901 2053
1902 2026
1903 2028
1904 2006
1907 2079
1909 2033
1911 2016
1912 2017
1913 2018
1914 1997
1920 2054
1921 2073
1922 2055
1923 2039
1924 2040
1925 2060
1926 2042
1927 2007
1928 2008
1929 2019
1937 2135
1938 2127
1940 2056
1941 2057
1942 2059
1943 2041
1944 2061
1945 2020
1946 2021
1949 2159
1950 2170
1951 2136
1952 2063
1954 2044
1955 2064
1956 2065
1963 2144
1964 2120
1965 2080
1977 2192
1979 2108
1980 2089
1981 2091
1982 2081
1983 2083
1984 2093
1992 2171
1994 2110
1995 2099
1996 2133
1997 2082
1998 2092
2001 2194
2002 2195
2003 2203
2004 2172
2005 2109
2006 2101
2007 2102
2013 2193
2015 2197
2016 2173
2018 2176
2019 2149
2020 2112
2021 2121
2025 2237
2026 2238
2027 2196
2028 2138
2029 2160
2031 2161
2038 2174
2043 2177
2044 2179
2045 2186
2046 2164
2047 2124
2051 2198
2055 2189
2056 2154
2057 2156
2058 2141
2060 2292
2061 2293
2062 2295
2063 2204
2064 2212
2065 2150
2066 2188
2067 2167
2068 2155
2072 2294
2073 2268
2074 2187
2075 2166
2076 2151
2077 2168
2083 2309
2084 2254
2085 2241
2086 2255
2087 2214
2088 2205
2094 2213
2095 2207
2096 2200
2102 2310
2103 2215
2104 2256
2105 2245
2106 2216
2111 2244
2112 2206
2113 2228
2114 2217
2119 2349
2120 2340
2121 2262
2122 2270
2124 2263
2125 2247
2126 2229
2128 2248
2132 2375
2134 2312
2135 2313
2141 2325
2142 2328
2143 2341
2144 2329
2147 2297
2148 2298
2149 2286
2150 2249
2153 2385
2154 2393
2155 2395
2156 2332
2157 2333
2159 2283
2160 2272
2161 2259
2166 2330
2167 2331
2168 2314
2169 2285
2170 2271
2171 2230
2176 2424
2177 2386
2178 2407
2179 2389
2180 2334
2181 2303
2182 2287
2184 2335
2192 2350
2193 2315
2194 2304
2195 2299
2196 2288
2202 2351
2204 2344
2205 2300
2206 2425
2207 2376
2209 2342
2210 2345
2215 2411
2216 2413
2217 2378
2218 2346
2219 2316
2220 2306
2227 2451
2228 2464
2229 2355
2230 2357
2231 2361
2234 2362
2235 2317
2236 2319
2239 2463
2240 2465
2241 2399
2250 2466
2251 2467
2253 2390
2265 2509
2266 2484
2267 2485
2269 2400
2270 2381
2272 2510
2273 2428
2274 2429
2275 2426
2276 2369
2278 2370
2280 2371
2286 2401
2292 2501
2293 2433
2294 2434
2298 2404
2303 2560
2304 2488
2305 2445
2306 2470
2320 2446
2321 2456
2323 2581
2324 2561
2326 2457
2327 2402
2334 2603
2335 2458
2336 2447
2344 2593
2345 2471
2347 2473
2348 2459
2349 2460
2350 2489
2352 2438
2359 2584
2360 2538
2367 2604
2368 2605
2369 2594
2370 2529
2371 2496
2373 2472
2375 2474
2381 2503
2389 2550
2390 2565
2391 2551
2392 2552
2393 2553
2395 2554
2396 2519
2397 2544
2398 2520
2406 2514
2408 2461
2413 2645
2414 2504
2421 2625
2422 2574
2425 2531
2426 2532
2427 2533
2429 2505
2435 2637
2437 2545
2438 2568
2439 2515
2440 2516
2446 2658
2448 2606
2450 2586
2452 2534
2461 2659
2462 2595
2473 2670
2474 2618
2482 2679
2484 2597
2490 2724
2491 2708
2492 2727
2493 2596
2494 2607
2495 2608
2496 2609
2500 2577
2504 2735
2505 2709
2506 2661
2507 2647
2508 2674
2510 2639
2513 2610
2515 2611
2516 2590
2518 2591
2527 2619
2532 2589
2544 2749
2545 2665
2546 2648
2547 2631
2548 2598
2556 2750
2557 2741
2558 2751
2559 2704
2560 2714
2562 2632
2566 2797
2567 2666
2570 2640
2571 2621
2576 2760
2577 2761
2578 2769
2579 2737
2580 2693
2581 2676
2589 2767
2590 2768
2591 2706
2592 2675
2593 2682
2595 2633
2599 2798
2600 2717
2601 2649
2607 2818
2608 2787
2609 2788
2614 2755
2615 2683
2616 2685
2624 2828
2625 2764
2626 2754
2627 2715
2628 2718
2629 2707
2634 2677
2639 2846
2647 2831
2649 2765
2652 2720
2653 2686
2660 2859
2661 2839
2663 2732
2664 2697
2674 2793
2675 2743
2681 2880
2682 2791
2689 2854
2692 2738
2697 2879
2698 2853
2701 2874
2702 2866
2703 2849
2709 2900
2710 2881
2718 2823
2728 2856
2729 2824
2730 2802
2732 2784
2740 2835
2749 2861
2758 2923
2760 2917
2764 2929
2765 2901
2769 2815
2770 2804
2776 2884
2777 2890
2778 2892
2781 2858
2787 2962
2788 2875
2795 2954
2805 2963
2806 2964
2807 2975
2808 2877
2809 2905
2810 2863
2815 2974
2816 2947
2817 2948
2818 2965
2819 2955
2820 2903
2823 2987
2824 2988
2825 2934
2826 2926
2828 2913
2830 2894
2831 2864
2836 2989
2838 2918
2840 2887
2848 2999
2849 2968
2850 2969
2859 3001
2860 2933
2861 2915
2862 2927
2863 2906
2866 2893
2867 2870
2868 3006
2869 2966
2873 2869
2874 2907
2877 2979
2878 2957
2880 2895
2887 3029
2888 3044
2889 2993
2896 3042
2897 3043
2898 3023
2901 2940
2911 3052
2912 3072
2923 3063
2924 3045
2925 3053
2927 3003
2933 3070
2935 3071
2936 3030
2940 2928
2945 3054
2946 3038
2947 3002
2948 3048
2949 3009
2950 3027
2951 2970
2954 2942
2958 3046
2967 2971
2974 3086
2975 3008
2976 2982
2978 2983
2988 3121
2989 3122
2991 3017
2992 3004
3002 3130
3003 3085
3004 3073
3008 2995
3009 2996
3016 3131
3017 3106
3018 3097
3019 3088
3020 3058
3025 3158
3026 3057
3032 3149
3037 3138
3038 3165
3044 3179
3045 3124
3046 3125
3047 3099
3048 3089
3049 3059
3061 3100
3063 3060
3070 3201
3071 3202
3072 3132
3073 3133
3079 3217
3080 3204
3081 3189
3083 3126
3089 3205
3090 3141
3095 3190
3096 3191
3097 3101
3102 3206
3103 3207
3104 3192
3105 3160
3106 3143
3107 3144
3108 3116
3109 3109
3112 3110
3117 3227
3126 3220
3127 3196
3135 3195
3138 3194
3140 3091
3147 3245
3149 3185
3152 3103
3156 3265
3157 3256
3158 3209
3159 3151
3160 3127
3169 3269
3170 3257
3173 3152
3174 3146
3175 3147
3184 3238
3185 3239
3191 3210
3192 3224
3193 3186
3198 3295
3199 3275
3200 3148
3208 3296
3209 3297
3210 3304
3211 3246
3214 3317
3216 3211
3221 3335
3222 3329
3228 3271
3229 3273
3230 3197
3231 3182
3237 3343
3238 3336
3239 3337
3241 3272
3242 3230
3252 3338
3253 3288
3255 3231
3257 3188
3262 3330
3263 3299
3265 3276
3274 3382
3276 3366
3277 3367
3278 3311
3279 3305
3285 3374
3286 3318
3287 3258
3292 3277
3301 3375
3303 3313
3304 3306
3309 3403
3310 3410
3312 3259
3317 3417
3318 3466
3319 3439
3320 3404
3321 3395
3324 3232
3326 3397
3327 3345
3328 3346
3329 3347
3330 3370
3331 3250
3335 3438
3336 3396
3337 3383
3350 3279
3356 3467
3357 3359
3360 3267
3365 3483
3366 3485
3367 3451
3369 3388
3373 3301
3381 3475
3382 3350
3383 3360
3384 3361
3385 3352
3393 3484
3394 3476
3395 3477
3396 3468
3397 3332
3398 3341
3399 3322
3400 3302
3406 3506
3407 3399
3410 3443
3417 3496
3418 3442
3421 3400
3424 3315
3425 3290
3431 3478
3432 3390
3433 3406
3435 3342
3443 3528
3444 3469
3445 3371
3446 3307
3448 3551
3450 3517
3451 3508
3452 3323
3458 3500
3463 3572
3464 3422
3465 3363
3472 3470
3473 3421
3474 3408
3475 3391
3482 3499
3483 3460
3484 3462
3485 3425
3486 3353
3490 3584
3492 3586
3493 3538
3494 3531
3495 3488
3496 3471
3501 3530
3502 3461
3503 3455
3504 3423
3505 3445
3513 3611
3514 3518
3515 3489
3517 3472
3518 3456
3520 3424
3527 3479
3528 3480
3529 3446
3530 3447
3531 3463
3532 3415
3540 3628
3541 3533
3545 3612
3546 3614
3547 3540
3548 3519
3549 3431
3556 3605
3557 3591
3558 3607
3559 3491
3567 3521
3577 3675
3578 3514
3579 3509
3580 3522
3581 3481
3583 3457
3590 3683
3591 3646
3592 3534
3593 3535
3594 3536
3596 3515
3599 3663
3601 3587
3602 3541
3603 3542
3610 3689
3612 3656
3613 3630
3616 3553
3622 3690
3624 3588
3625 3545
3630 3574
3631 3543
3632 3544
3638 3698
3639 3644
3640 3616
3641 3546
3649 3719
3650 3720
3653 3631
3654 3617
3655 3608
3656 3589
3663 3709
3664 3676
3665 3618
3666 3593
3667 3560
3668 3502
3671 3721
3672 3632
3673 3619
3682 3602
3683 3575
3691 3730
3692 3708
3693 3677
3694 3620
3695 3590
3706 3743
3707 3731
3708 3712
3709 3667
3710 3621
3714 3780
3717 3678
3718 3680
3724 3791
3725 3759
3726 3744
3727 3679
3730 3633
3731 3622
3734 3681
3738 3799
3739 3594
3747 3785
3749 3692
3751 3623
3755 3811
3756 3832
3757 3748
3759 3634
3760 3595
3765 3800
3766 3801
3767 3794
3768 3746
3770 3714
3775 3782
3777 3702
3778 3715
3779 3687
3783 3793
3785 3624
3789 3808
3790 3732
3795 3872
3797 3833
3798 3835
3799 3812
3801 3796
3802 3786
3803 3703
3804 3682
3810 3834
3811 3809
3812 3797
3814 3688
3815 3670
3816 3636
3822 3873
3823 3874
3826 3875
3827 3866
3832 3815
3833 3763
3834 3766
3838 3890
3839 3837
3840 3842
3841 3783
3842 3765
3843 3739
3850 3917
3851 3876
3852 3877
3853 3749
3862 3822
3863 3729
3868 3923
3869 3901
3870 3902
3871 3912
3873 3843
3881 3740
3882 3733
3891 3897
3893 3805
3894 3806
3908 3787
3914 3919
3915 3846
3916 3767
3917 3751
3918 3752
3919 3753
3924 3918
3925 3926
3926 3838
3927 3816
3928 3775
3929 3754
3938 3972
3944 3942
3947 3947
3948 3892
3949 3903
3954 3952
3955 3944
3956 3913
3957 3868
3958 3776
3959 3756
3963 3975
3964 3937
3965 3768
3971 3974
3972 3881
3973 3854
3974 3839
3982 3938
3983 3920
3985 3887
3990 3986
3997 3987
3999 3855
4002 3893
4004 3817
4011 3914
4012 3848
4014 3824
4021 4053
4023 3988
4024 3856
4032 4020
4034 3976
4036 3930
4037 3904
4038 3857
4039 3859
4045 4060
4046 4021
4048 4003
4050 3959
4051 3861
4056 4082
4057 4069
4058 4061
4059 4062
4067 4083
4068 4070
4069 4047
4070 4063
4071 4064
4073 4048
4074 3960
4075 3905
4089 4044
4090 4015
4091 4016
4092 3996
4096 3915
4099 4071
4100 4072
4102 4065
4103 4022
4109 4042
4114 4084
4115 4073
4116 4008
4117 3997
4123 4129
4124 4054
4125 4055
4126 4049
4129 4113
4130 4004
4131 3991
4134 4122
4136 4056
4137 4045
4139 3998
4141 4005
4142 3999
4145 3969
4148 4151
4150 4096
4153 4104
4154 3970
4160 4165
4161 4144
4163 3965
4169 4171
4170 4164
4171 4097
4172 4099
4174 3966
4179 4190
4180 4152
4182 4108
4183 4090
4184 4115
4185 4074
4186 3961
4189 4154
4190 4130
4191 4138
4193 4100
4194 4050
4197 4057
4205 4132
4206 4091
4213 4219
4214 4145
4221 4237
4222 4206
4231 4222
4232 4194
4233 4184
4237 4185
4239 4134
4242 4195
4244 4109
4250 4216
4251 4178
4259 4247
4260 4242
4261 4161
4263 4075
4267 4197
4268 4157
4270 4159
4271 4160
4277 4256
4279 4230
4281 4167
4283 4092
4284 4076
4287 4238
4288 4207
4289 4186
4290 4116
4296 4208
4297 4156
4298 4125
4299 4110
4306 4239
4307 4196
4308 4187
4309 4172
4315 4223
4316 4213
4322 4231
4324 4232
4326 4198
4333 4298
4334 4264
4335 4248
4336 4240
4337 4243
4339 4217
4342 4324
4343 4314
4344 4249
4345 4233
4346 4135
4352 4315
4354 4244
4355 4168
4357 4126
4359 4118
4366 4269
4367 4199
4368 4188
4369 4102
4374 4192
4384 4252
4386 4257
4388 4250
4389 4200
4394 4282
4395 4265
4396 4258
4397 4210
4399 4201
4400 4202
4403 4333
4408 4365
4409 4343
4410 4305
4411 4334
4412 4326
4413 4291
4414 4284
4415 4285
4416 4270
4426 4283
4427 4259
4428 4234
4433 4327
4435 4203
4439 4286
4441 4226
4444 4404
4447 4214
4462 4373
4463 4328
4464 4301
4467 4405
4469 4218
4474 4367
4475 4317
4476 4306
4477 4307
4483 4390
4484 4374
4488 4442
4489 4444
4491 4419
4492 4368
4494 4308
4498 4429
4500 4385
4501 4360
4502 4316
4505 4309
4509 4398
4514 4432
4515 4399
4516 4344
4522 4450
4523 4433
4524 4296
4530 4361
4531 4302
4534 4472
4535 4473
4537 4412
4539 4378
4540 4376
4541 4354
4542 4345
4548 4451
4549 4413
4554 4447
4555 4297
4556 4276
4561 4414
4562 4400
4569 4522
4570 4455
4571 4271
4578 4487
4579 4459
4580 4422
4582 4423
4584 4415
4590 4508
4591 4468
4592 4452
4593 4386
4594 4387
4595 4346
4596 4355
4597 4266
4599 4480
4600 4391
4604 4544
4605 4523
4606 4509
4607 4490
4608 4491
4609 4460
4616 4495
4617 4395
4618 4336
4619 4318
4620 4303
4628 4319
4631 4520
4632 4493
4637 4497
4638 4456
4639 4362
4647 4461
4649 4474
4660 4514
4661 4462
4662 4380
4664 4542
4665 4424
4671 4434
4672 4381
4677 4533
4678 4498
4679 4476
4680 4407
4681 4392
4685 4548
4686 4550
4694 4551
4695 4552
4696 4430
4704 4537
4705 4448
4714 4470
4715 4482
4720 4437
4723 4477
4724 4431
4740 4554
4741 4463
4744 4521
4749 4499
4763 4500
4769 4557
4802 4528
