IMG01.JPG IMG02.JPG
1 2
2 10
3 15
4 6
5 3
6 4
7 5
8 7
9 8
10 9
11 17
12 18
13 19
14 11
15 12
16 16
18 20
21 22
22 21
23 24
25 25
27 26
28 31
30 23
31 29
32 34
33 30
34 32
35 28
37 39
38 37
39 36
40 41
41 35
42 48
44 42
45 47
46 44
47 46
49 54
50 63
51 51
52 49
54 52
55 50
56 56
58 53
59 59
60 57
61 61
62 78
63 70
64 58
65 65
66 68
67 75
68 79
70 76
71 87
72 80
73 55
75 73
76 82
77 69
78 72
79 94
81 71
83 92
85 108
86 91
87 93
88 114
89 85
90 81
92 84
93 100
94 97
95 102
96 107
97 96
98 101
99 106
100 123
101 111
103 127
104 139
105 122
106 110
107 116
108 121
109 83
110 88
111 90
112 126
113 120
114 145
115 133
116 136
117 143
118 146
119 95
120 142
121 131
122 157
123 138
124 148
125 149
126 150
128 113
129 141
130 144
131 156
132 161
133 118
134 125
135 140
136 152
137 168
138 170
140 173
141 124
142 137
143 154
144 128
145 169
147 151
149 160
150 147
151 155
153 166
155 187
156 172
157 204
158 185
160 193
162 194
164 224
165 163
166 165
167 181
169 192
171 159
172 180
173 191
174 198
175 179
177 210
178 223
179 177
180 184
181 201
182 202
183 174
184 175
185 171
186 197
187 200
188 222
190 251
191 190
194 195
195 213
196 248
197 249
198 260
199 262
200 188
201 199
202 208
205 207
206 230
207 231
208 232
209 247
210 250
211 261
212 212
213 218
214 221
215 234
216 274
217 276
218 228
219 268
220 227
222 233
223 257
224 259
225 226
226 246
228 273
229 304
230 229
231 245
232 267
233 272
234 243
235 255
237 320
238 236
239 244
240 310
241 294
242 265
244 271
245 293
246 254
247 266
248 292
249 269
250 291
251 309
252 332
253 270
254 282
256 303
257 308
259 306
260 302
262 281
263 288
264 300
272 286
273 280
274 313
276 299
277 318
281 305
282 298
283 330
284 353
295 290
298 331
299 354
300 372
304 312
305 328
306 329
311 335
312 352
314 319
320 297
321 327
323 336
325 341
326 337
327 338
328 340
330 359
333 345
336 334
338 357
344 370
345 371
346 386
347 404
352 351
354 393
355 361
356 379
361 394
365 350
372 374
374 375
377 376
378 378
379 436
381 384
382 396
383 400
385 401
386 398
387 402
388 403
393 408
402 395
403 419
404 461
408 420
411 399
412 441
413 418
418 445
419 392
420 427
428 417
429 425
430 433
431 442
432 447
433 467
434 468
436 432
437 454
438 506
442 434
447 450
448 1
452 446
453 459
454 466
455 485
460 489
466 471
467 483
472 472
473 473
474 474
475 490
476 475
482 503
487 497
488 504
489 505
490 555
493 495
494 498
495 481
496 515
497 516
498 541
509 526
510 527
511 534
515 525
517 540
524 524
526 546
527 547
528 548
529 563
531 568
536 544
539 553
540 545
541 554
542 572
546 562
547 552
548 571
549 577
550 569
554 550
555 561
556 576
558 582
566 590
568 579
569 588
570 597
580 587
581 609
582 603
583 610
587 594
588 605
589 623
592 635
595 596
602 613
603 639
612 629
613 649
617 622
618 628
619 671
620 645
621 667
622 633
623 637
625 665
630 655
631 656
637 653
638 643
639 670
642 663
644 648
645 669
646 682
647 666
648 696
651 681
653 710
658 694
659 680
664 679
665 693
667 695
676 705
677 707
682 698
686 716
687 722
690 721
697 725
698 732
699 724
700 735
702 733
703 734
704 748
705 741
706 742
707 751
721 764
727 753
728 772
729 747
732 762
736 763
740 770
742 782
747 791
748 785
754 819
755 810
757 813
760 809
761 805
762 783
763 811
764 807
766 828
773 840
780 861
781 831
782 850
790 857
791 841
793 848
794 849
797 880
798 874
800 867
810 866
812 897
816 881
817 883
822 877
823 872
824 894
825 889
830 896
832 893
837 899
838 907
841 926
842 906
849 912
850 915
851 927
854 914
855 916
856 930
859 913
860 929
862 931
863 934
866 959
872 944
876 942
877 958
881 957
884 956
885 962
886 940
891 971
900 992
901 988
902 994
903 979
905 993
906 995
909 990
910 1009
912 1010
913 1011
921 1005
922 1008
924 1022
925 1014
928 1021
929 1023
930 1025
935 1033
947 1086
951 1070
952 1071
955 1083
956 1072
957 1077
958 1084
959 1087
960 1078
961 1079
962 1080
963 1091
972 1085
973 1089
974 1099
976 1090
983 1092
984 1102
989 1104
994 1116
996 1124
997 1101
1008 1141
1009 1146
1010 1142
1012 1143
1021 1167
1024 1166
1025 1152
1029 1160
1035 1165
1039 1182
1045 1197
1046 1192
1048 1198
1050 1200
1061 1227
1074 1246
1075 1247
1078 1216
1085 1259
1086 1250
1087 1260
1092 1258
1093 1248
1095 1253
1108 1269
1124 1310
1128 1329
1129 1330
1130 1293
1131 1295
1134 1335
1140 1304
1142 1321
1145 1325
1160 1337
1167 1351
1168 1359
1174 1383
1177 1354
1178 1355
1179 1360
1180 1368
1181 1356
1184 1392
1187 1412
1188 1369
1189 1362
1191 1399
1193 1413
1194 1414
1196 1415
1197 1384
1198 1401
1207 1375
1209 1376
1210 1379
1216 1430
1217 1393
1219 1387
1220 1388
1222 1380
1226 1406
1234 1394
1241 1433
1243 1427
1244 1407
1245 1408
1251 1474
1253 1428
1254 1409
1261 1485
1262 1486
1263 1436
1265 1437
1266 1420
1272 1523
1273 1491
1274 1506
1276 1493
1277 1494
1278 1448
1285 1505
1286 1492
1287 1507
1288 1508
1289 1509
1290 1510
1291 1487
1292 1476
1295 1531
1296 1469
1297 1447
1298 1449
1303 1434
1305 1489
1306 1478
1307 1446
1314 1535
1315 1496
1316 1511
1317 1467
1318 1488
1319 1463
1320 1450
1322 1477
1330 1529
1334 1574
1335 1515
1336 1539
1337 1516
1338 1540
1339 1530
1341 1595
1343 1546
1354 1541
1355 1518
1360 1601
1362 1559
1363 1596
1364 1604
1369 1600
1370 1603
1374 1640
1376 1632
1377 1589
1378 1577
1379 1579
1380 1556
1382 1564
1383 1565
1384 1566
1385 1567
1387 1547
1388 1558
1392 1608
1393 1597
1394 1598
1395 1580
1396 1562
1397 1581
1398 1583
1399 1563
1400 1568
1408 1582
1409 1591
1414 1655
1415 1612
1416 1584
1417 1664
1418 1620
1419 1644
1420 1611
1428 1643
1429 1651
1436 1717
1438 1645
1440 1623
1447 1703
1448 1686
1450 1648
1451 1613
1457 1704
1459 1659
1460 1649
1465 1695
1467 1670
1468 1647
1469 1673
1476 1739
1477 1678
1478 1671
1479 1625
1484 1729
1485 1740
1486 1694
1487 1672
1492 1767
1493 1742
1494 1705
1502 1768
1504 1707
1505 1708
1506 1720
1508 1749
1509 1698
1510 1690
1515 1779
1516 1788
1517 1743
1518 1769
1520 1709
1521 1721
1522 1711
1523 1712
1524 1679
1525 1691
1526 1692
1533 1804
1534 1736
1535 1699
1536 1700
1538 1701
1543 1818
1544 1770
1545 1735
1546 1761
1547 1737
1548 1827
1561 1828
1563 1758
1564 1760
1566 1763
1573 1805
1574 1771
1575 1762
1576 1772
1577 1764
1581 1855
1583 1791
1584 1808
1585 1796
1587 1773
1588 1780
1596 1792
1597 1807
1598 1809
1600 1781
1601 1774
1602 1775
1603 1776
1609 1865
1610 1866
1612 1830
1613 1821
1615 1798
1617 1800
1618 1783
1626 1797
1628 1799
1629 1822
1633 1900
1634 1892
1635 1893
1637 1811
1638 1801
1639 1812
1648 1946
1649 1899
1650 1915
1652 1831
1654 1851
1660 1832
1662 1823
1663 1824
1667 1872
1668 1852
1675 1925
1676 1873
1677 1874
1678 1859
1679 1875
1680 1860
1681 1885
1687 1959
1689 1947
1690 1870
1691 1895
1692 1876
1693 1877
1697 1902
1698 1920
1699 1907
1700 1909
1701 1921
1706 1975
1707 1976
1708 1939
1709 1918
1710 1926
1711 1919
1713 1927
1714 1884
1715 1896
1717 1886
1722 1917
1723 1905
1724 1928
1725 1931
1727 1912
1729 1888
1730 1879
1739 2001
1740 1910
1741 1930
1742 1922
1743 1913
1753 2009
1754 2012
1755 2024
1756 1942
1757 1923
1761 2013
1763 1950
1764 1951
1765 1952
1766 1938
1770 2042
1772 1943
1774 1932
1775 1966
1776 1897
1777 1898
1781 2056
1782 2057
1783 2028
1784 1953
1785 1954
1788 1934
1796 1962
1797 1964
1801 1991
1802 1949
1803 2004
1804 1979
1805 1981
1806 1992
1807 1965
1810 2087
1811 2043
1812 2035
1814 1993
1815 1995
1816 1996
1826 2045
1827 1997
1828 1982
1833 2104
1834 2096
1835 2046
1836 2059
1837 1967
1843 2058
1846 2029
1847 2018
1848 2019
1849 2027
1850 1998
1852 2117
1853 2105
1854 2060
1855 2073
1856 2061
1857 2036
1858 2030
1859 2038
1860 2026
1862 2005
1863 2020
1864 2021
1865 2007
1866 2022
1872 2119
1873 2088
1874 2107
1875 2047
1876 2048
1877 2049
1878 2037
1880 2050
1886 2137
1887 2063
1888 2064
1889 2066
1891 2051
1892 2052
1900 2153
1901 2138
1902 2067
1907 2177
1908 2178
1909 2181
1910 2100
1911 2080
1913 2074
1915 2053
1922 2154
1923 2167
1924 2101
1925 2078
1926 2082
1927 2084
1935 2179
1937 2191
1938 2155
1940 2091
1941 2092
1942 2081
1945 2209
1946 2232
1947 2190
1949 2149
1950 2102
1951 2093
1956 2122
1957 2083
1959 2217
1961 2140
1962 2110
1969 2156
1970 2159
1971 2142
1978 2220
1980 2157
1981 2158
1985 2258
1986 2279
1987 2169
1988 2170
1989 2162
1990 2145
1991 2133
1992 2124
1993 2114
1997 2271
1998 2272
1999 2273
2000 2241
2001 2223
2002 2193
2003 2194
2005 2171
2006 2172
2007 2163
2008 2144
2009 2132
2010 2134
2014 2195
2015 2184
2016 2160
2017 2186
2018 2173
2020 2146
2029 2285
2030 2234
2031 2192
2032 2201
2039 2237
2043 2286
2044 2224
2045 2225
2047 2202
2048 2203
2052 2227
2060 2341
2061 2329
2062 2313
2063 2243
2064 2245
2065 2246
2066 2247
2067 2226
2068 2204
2070 2212
2072 2228
2077 2312
2079 2330
2080 2242
2086 2355
2087 2300
2089 2290
2090 2291
2091 2303
2095 2249
2096 2239
2097 2231
2099 2342
2100 2350
2101 2305
2103 2292
2104 2264
2105 2265
2108 2359
2109 2360
2110 2361
2111 2306
2112 2307
2113 2293
2115 2275
2116 2251
2122 2277
2123 2278
2129 2390
2130 2366
2131 2294
2132 2276
2133 2295
2134 2254
2142 2396
2143 2376
2144 2332
2145 2325
2149 2326
2152 2369
2153 2316
2155 2282
2159 2378
2160 2380
2161 2343
2162 2318
2167 2441
2170 2297
2175 2424
2176 2425
2177 2426
2178 2427
2179 2429
2180 2371
2181 2372
2182 2319
2190 2471
2191 2443
2192 2428
2195 2363
2196 2344
2198 2335
2206 2445
2207 2362
2208 2385
2209 2386
2215 2472
2216 2473
2217 2397
2218 2392
2220 2356
2221 2345
2222 2357
2226 2399
2227 2384
2228 2458
2229 2346
2236 2483
2240 2513
2241 2448
2242 2410
2243 2411
2244 2406
2253 2526
2255 2419
2264 2545
2266 2420
2271 2535
2272 2457
2274 2412
2275 2413
2278 2365
2287 2431
2289 2432
2290 2421
2291 2422
2298 2572
2299 2546
2300 2547
2305 2573
2306 2558
2307 2485
2309 2464
2310 2459
2311 2449
2313 2450
2320 2574
2321 2493
2326 2593
2327 2516
2328 2517
2329 2518
2330 2519
2331 2521
2332 2478
2333 2507
2334 2492
2343 2628
2344 2496
2345 2474
2347 2466
2351 2465
2358 2509
2359 2497
2360 2498
2361 2475
2362 2461
2365 2467
2371 2603
2372 2585
2378 2510
2379 2499
2380 2479
2386 2679
2387 2636
2388 2637
2390 2550
2401 2655
2402 2610
2403 2562
2409 2687
2410 2638
2411 2564
2412 2580
2419 2696
2420 2697
2421 2688
2422 2680
2424 2579
2425 2565
2426 2566
2428 2541
2429 2542
2434 2605
2435 2597
2436 2581
2437 2552
2439 2555
2444 2631
2445 2621
2446 2614
2447 2568
2448 2589
2455 2717
2457 2569
2458 2554
2467 2737
2468 2718
2470 2707
2471 2719
2473 2657
2474 2622
2476 2599
2477 2586
2481 2729
2482 2722
2484 2664
2485 2665
2486 2648
2487 2616
2489 2587
2490 2600
2494 2739
2495 2731
2496 2732
2497 2646
2498 2647
2499 2607
2500 2588
2509 2673
2510 2632
2512 2761
2513 2658
2514 2615
2515 2617
2521 2782
2522 2740
2523 2784
2525 2683
2526 2684
2527 2645
2528 2674
2529 2633
2534 2699
2535 2708
2537 2666
2539 2634
2544 2791
2545 2675
2552 2650
2557 2701
2559 2649
2564 2792
2565 2793
2566 2783
2568 2724
2577 2794
2580 2693
2585 2778
2586 2773
2587 2725
2588 2685
2589 2668
2594 2762
2595 2694
2598 2839
2599 2832
2600 2823
2609 2858
2610 2859
2611 2860
2612 2862
2615 2829
2616 2822
2617 2810
2618 2742
2624 2845
2625 2755
2629 2818
2631 2763
2633 2712
2640 2844
2641 2788
2642 2757
2649 2872
2650 2797
2655 2825
2662 2798
2663 2779
2664 2780
2665 2781
2666 2800
2672 2897
2673 2878
2675 2799
2676 2764
2679 2891
2680 2841
2682 2826
2692 2850
2700 2939
2702 2789
2708 2928
2709 2911
2710 2892
2711 2899
2712 2864
2713 2806
2716 2927
2717 2918
2720 2852
2724 2940
2725 2941
2726 2952
2727 2929
2728 2894
2729 2885
2732 2886
2733 2843
2734 2853
2744 2931
2746 2874
2748 2835
2749 2830
2753 2960
2754 2942
2755 2969
2756 2932
2758 2895
2759 2988
2760 2997
2761 2967
2762 2881
2764 2865
2768 2982
2769 2935
2777 2944
2778 2870
2780 2854
2791 2989
2795 2875
2796 2876
2802 3011
2803 3005
2804 2992
2815 3034
2816 3006
2817 3012
2819 2962
2821 2882
2824 3026
2825 3027
2826 3013
2827 2993
2828 2887
2833 3059
2834 2971
2835 2922
2837 2907
2839 3035
2840 3014
2842 3001
2847 3070
2848 2995
2850 2937
2854 3079
2855 3050
2856 2976
2857 2946
2859 2947
2874 3085
2875 3086
2876 3100
2877 3049
2888 3098
2889 3088
2890 3046
2892 3017
2895 2963
2896 2964
2902 3117
2903 3099
2904 3063
2905 3052
2907 2965
2908 2956
2912 3119
2914 2948
2922 3118
2923 3087
2924 3101
2925 3137
2929 3073
2930 3053
2931 3064
2932 3019
2945 3003
2952 3102
2953 3080
2960 3179
2961 3180
2962 3173
2964 3155
2965 3090
2966 3091
2971 3164
2976 3165
2977 3111
2978 3081
2983 3174
2984 3189
2985 3158
2986 3132
2987 3122
2995 3195
2996 3074
2997 3054
3004 3182
3005 3146
3014 3168
3015 3151
3018 3066
3027 3083
3028 3075
3029 3065
3030 3067
3037 3240
3038 3219
3039 3211
3040 3176
3041 3124
3049 3230
3050 3243
3051 3220
3052 3204
3054 3125
3056 3126
3057 3093
3066 3225
3067 3197
3068 3183
3069 3113
3071 3252
3072 3253
3073 3191
3075 3094
3079 3274
3080 3242
3088 3254
3090 3209
3092 3114
3095 3266
3097 3177
3105 3287
3106 3288
3110 3294
3113 3153
3120 3296
3121 3280
3122 3231
3123 3160
3126 3295
3127 3305
3128 3289
3129 3232
3130 3212
3131 3198
3138 3256
3147 3340
3148 3333
3154 3331
3155 3332
3156 3327
3157 3290
3158 3276
3159 3210
3165 3245
3169 3268
3170 3269
3171 3221
3181 3362
3183 3306
3191 3390
3192 3411
3193 3369
3194 3308
3199 3213
3200 3199
3203 3398
3204 3364
3205 3307
3206 3214
3209 3370
3210 3341
3212 3342
3213 3328
3222 3282
3223 3234
3227 3350
3228 3278
3229 3227
3238 3438
3239 3421
3240 3400
3241 3380
3242 3351
3243 3257
3244 3258
3248 3447
3250 3430
3251 3420
3254 3352
3255 3329
3256 3320
3258 3283
3259 3259
3266 3431
3267 3432
3268 3433
3269 3401
3271 3335
3274 3299
3275 3300
3277 3260
3283 3358
3285 3422
3286 3392
3287 3382
3289 3238
3297 3412
3299 3301
3300 3262
3302 3489
3303 3449
3304 3434
3305 3353
3307 3321
3319 3488
3320 3366
3321 3330
3322 3292
3323 3270
3326 3458
3331 3473
3333 3451
3334 3360
3336 3323
3340 3527
3343 3490
3344 3510
3346 3450
3347 3413
3348 3393
3349 3368
3355 3528
3356 3414
3358 3324
3368 3537
3369 3492
3370 3403
3374 3478
3375 3479
3376 3439
3377 3435
3378 3423
3381 3404
3382 3383
3383 3394
3391 3569
3392 3463
3393 3424
3394 3384
3395 3385
3401 3570
3402 3551
3405 3440
3406 3395
3407 3374
3411 3494
3412 3480
3413 3373
3414 3396
3418 3571
3419 3553
3420 3545
3421 3464
3423 3375
3431 3560
3432 3563
3433 3361
3440 3465
3441 3427
3448 3630
3450 3466
3451 3459
3452 3467
3453 3468
3454 3441
3461 3631
3462 3632
3463 3613
3465 3482
3467 3646
3468 3481
3469 3495
3478 3636
3482 3496
3483 3497
3485 3469
3487 3415
3491 3614
3492 3606
3493 3599
3496 3539
3497 3498
3498 3460
3504 3583
3505 3574
3506 3513
3507 3504
3513 3677
3515 3637
3516 3648
3517 3601
3524 3665
3525 3656
3526 3584
3527 3552
3536 3622
3538 3565
3539 3530
3540 3506
3541 3461
3544 3703
3545 3666
3547 3596
3553 3687
3555 3623
3557 3575
3559 3554
3560 3531
3561 3499
3565 3576
3566 3515
3572 3715
3573 3695
3574 3681
3575 3540
3576 3541
3581 3706
3582 3668
3585 3615
3586 3532
3590 3667
3591 3633
3592 3624
3593 3625
3595 3577
3596 3585
3599 3734
3600 3682
3601 3657
3602 3586
3603 3543
3608 3742
3611 3641
3612 3587
3619 3759
3621 3744
3623 3578
3624 3566
3625 3547
3634 3743
3635 3736
3636 3750
3637 3697
3639 3659
3640 3616
3643 3737
3644 3650
3645 3660
3646 3617
3651 3786
3653 3725
3654 3678
3655 3635
3660 3760
3662 3661
3666 3808
3667 3775
3668 3787
3669 3753
3671 3745
3672 3729
3673 3730
3674 3626
3679 3709
3680 3662
3681 3619
3689 3818
3690 3819
3691 3788
3692 3663
3693 3620
3696 3809
3700 3810
3701 3764
3703 3670
3705 3778
3706 3690
3707 3671
3710 3820
3711 3731
3712 3699
3721 3833
3722 3811
3724 3673
3729 3861
3730 3846
3731 3839
3732 3827
3733 3789
3735 3683
3736 3643
3743 3854
3744 3684
3753 3862
3754 3840
3755 3841
3756 3828
3757 3746
3758 3747
3759 3717
3770 3748
3771 3749
3772 3739
3778 3790
3779 3710
3780 3701
3781 3702
3786 3900
3787 3856
3788 3864
3789 3779
3791 3765
3794 3718
3795 3691
3801 3842
3807 3878
3808 3869
3809 3834
3810 3794
3811 3755
3812 3719
3814 3909
3815 3897
3816 3879
3818 3872
3819 3847
3820 3780
3821 3720
3822 3711
3827 3814
3835 3911
3836 3829
3837 3815
3838 3795
3839 3721
3845 3859
3846 3848
3851 3956
3852 3914
3853 3906
3861 3916
3862 3796
3864 3756
3865 3843
3874 3844
3875 3791
3876 3769
3880 3957
3881 3924
3882 3874
3886 3984
3888 3875
3894 3958
3896 3801
3900 3985
3901 3952
3903 3889
3905 4001
3906 3803
3909 4002
3910 3986
3923 4003
3924 4004
3925 3993
3926 4017
3927 3987
3928 3980
3929 3890
3941 3988
3943 3947
3944 3929
3951 4018
3952 3994
3957 4005
3959 3855
3960 3845
3962 3970
3966 4094
3967 4006
3969 3938
3973 4071
3974 4059
3975 3990
3976 3997
3977 3959
3981 4019
3982 3931
3984 3932
3989 4090
3990 3948
3991 3925
3992 3901
3996 4020
3999 4047
4000 3981
4001 3902
4007 4085
4009 3903
4013 4102
4014 4103
4015 4048
4016 4037
4017 4038
4019 3891
4024 4112
4025 4031
4027 4062
4028 4007
4030 3892
4035 4095
4036 4086
4037 4021
4044 4139
4046 3999
4053 4138
4054 4073
4063 4160
4064 4114
4065 4092
4066 4051
4067 4022
4070 4183
4072 4161
4077 4184
4079 4141
4080 4126
4085 4132
4086 4108
4087 4081
4088 3965
4091 4170
4098 4115
4106 4008
4111 4191
4112 4194
4113 4097
4114 4098
4115 4099
4120 4127
4121 4100
4122 4033
4123 3977
4127 4216
4128 4196
4136 4163
4137 4144
4138 4128
4139 4069
4145 4185
4146 4164
4148 4110
4153 4009
4158 4186
4160 4187
4161 4116
4166 4266
4167 4252
4169 4197
4170 4192
4171 4146
4172 4165
4176 4267
4177 4242
4178 4178
4179 4104
4186 4256
4187 4193
4188 4129
4189 4074
4190 4063
4192 4064
4193 4040
4196 4253
4197 4223
4198 4198
4199 4147
4201 4087
4202 4053
4206 4135
4215 4229
4216 4205
4217 4206
4222 4293
4223 4211
4225 4153
4226 4154
4233 4257
4234 4237
4235 4217
4237 4189
4238 4148
4243 4243
4244 4212
4250 4309
4251 4289
4252 4244
4253 4224
4263 4238
4264 4239
4265 4213
4268 4275
4269 4156
4270 4149
4275 4318
4276 4240
4277 4166
4282 4352
4283 4202
4291 4363
4292 4173
4297 4324
4298 4258
4303 4364
4304 4276
4307 4171
4313 4365
4315 4311
4316 4268
4320 4342
4321 4325
4325 4414
4326 4399
4327 4392
4328 4366
4329 4353
4330 4319
4336 4389
4338 4312
4339 4303
4342 4260
4344 4245
4345 4230
4349 4367
4350 4290
4351 4261
4352 4181
4356 4416
4357 4358
4365 4393
4366 4277
4367 4247
4376 4431
4377 4432
4378 4368
4380 4326
4382 4294
4391 4408
4392 4331
4397 4410
4398 4231
4400 4445
4402 4370
4403 4371
4404 4248
4406 4446
4407 4372
4408 4225
4415 4426
4416 4380
4417 4381
4418 4382
4422 4490
4423 4433
4424 4417
4425 4339
4426 4332
4427 4296
4429 4469
4432 4343
4434 4226
4442 4485
4443 4470
4444 4456
4445 4422
4446 4350
4447 4246
4451 4459
4452 4451
4454 4297
4456 4269
4461 4486
4462 4262
4465 4511
4466 4452
4467 4460
4473 4418
4474 4359
4483 4440
4484 4427
4498 4481
4499 4335
4501 4508
4502 4428
4503 4396
4504 4390
4505 4304
4509 4336
4510 4291
4512 4461
4513 4441
4517 4495
4518 4472
4519 4337
4523 4516
4524 4510
4525 4453
4526 4384
4527 4360
4533 4517
4534 4397
4538 4502
4540 4411
4545 4492
4555 4434
4557 4447
4561 4424
4562 4400
4565 4391
4570 4518
4579 4429
4586 4483
4596 4463
4600 4484
4609 4520
4632 4487


IMG01.JPG IMG03.JPG
1 1
3 25
4 17
6 2
7 3
8 12
9 14
10 19
11 24
12 33
14 6
15 10
18 37
21 5
22 9
24 22
26 58
27 29
30 4
31 30
32 64
33 32
34 42
38 49
39 52
40 59
41 16
42 90
45 80
46 35
47 79
50 106
51 51
52 28
53 41
56 50
58 27
59 69
60 72
61 83
65 82
68 124
70 114
71 137
72 130
73 26
74 68
75 103
76 123
77 71
79 112
86 81
87 95
89 45
90 48
91 56
92 40
93 55
94 77
96 122
97 44
100 162
104 187
105 151
107 121
113 89
114 181
115 120
120 147
121 111
122 182
123 109
125 159
128 7
129 85
131 175
132 180
133 15
134 21
135 67
137 203
138 207
139 99
142 31
143 102
145 191
146 39
147 76
148 108
150 47
153 119
155 202
157 219
158 129
161 161
164 228
165 54
166 61
167 101
171 53
172 94
173 150
175 75
176 118
177 186
178 227
180 65
181 135
182 141
186 93
187 132
189 244
190 253
191 88
192 133
194 46
195 92
196 218
197 232
201 86
202 98
204 63
205 110
206 157
207 158
210 226
211 243
213 73
214 145
215 167
218 105
220 97
222 104
223 128
224 134
231 117
232 169
233 179
234 91
235 115
237 271
240 252
244 174
247 139
248 194
250 144
251 190
252 278
254 100
255 138
256 140
257 156
259 113
260 166
265 131
277 154
283 193
286 266
298 205
299 276
300 305
305 148
306 168
307 173
312 160
313 178
322 163
323 171
325 177
326 183
327 184
329 197
330 222
333 152
338 195
339 206
345 217
347 311
353 192
355 200
356 216
357 251
360 204
379 338
383 199
384 213
385 214
386 211
388 224
393 210
403 230
408 237
412 212
413 233
420 236
421 242
422 344
431 246
433 269
437 259
442 208
443 229
454 258
467 268
472 254
473 248
474 249
475 265
476 275
482 245
488 270
489 288
490 380
496 273
497 274
509 281
510 272
511 289
516 267
517 302
518 409
525 286
526 299
527 300
528 316
529 314
531 315
532 294
533 401
541 287
543 310
548 308
549 330
550 322
556 319
557 329
558 337
559 335
562 328
566 318
570 347
581 356
582 363
583 340
588 353
595 359
612 350
613 369
619 370
620 371
625 389
630 378
631 395
639 399
643 534
651 412
652 417
653 379
658 391
659 393
665 388
666 394
667 420
668 431
676 430
677 411
684 425
685 426
686 461
687 432
691 400
698 470
699 440
700 448
703 458
704 442
707 476
711 512
713 493
714 494
721 480
722 486
728 505
742 535
746 527
747 528
754 555
757 543
762 542
763 556
764 513
766 538
773 584
780 568
781 550
797 643
800 633
816 628
817 653
823 627
824 618
830 619
837 629
838 622
841 677
856 687
860 693
872 694
877 742
891 761
898 782
900 771
901 721
903 772
905 792
906 798
929 833
935 831
947 902
958 901
959 903
960 892
961 893
962 894
972 907
973 904
974 910
976 911
982 909
989 925
1009 998
1010 999
1024 1046
1025 1040
1029 1056
1039 1084
1046 1095
1048 1125
1075 1240
1076 1220
1078 529
1085 1278
1086 1241
1087 1242
1089 544
1092 1268
1096 552
1097 565
1099 558
1101 564
1106 1243
1109 569
1184 1437
1191 1483
1193 1492
1194 1475
1199 650
1201 644
1211 659
1212 654
1216 1512
1228 689
1229 665
1231 673
1234 664
1254 680
1255 723
1274 1595
1275 1572
1279 706
1280 733
1285 1613
1287 1571
1308 796
1324 732
1329 1660
1334 1659
1355 755
1356 804
1361 1672
1362 1678
1363 1679
1374 1708
1375 1709
1382 930
1383 931
1385 932
1386 913
1387 896
1392 1661
1397 912
1398 944
1399 929
1400 914
1407 927
1408 942
1414 1762
1416 958
1429 1000
1436 1784
1448 1807
1451 1001
1452 847
1457 1755
1469 982
1478 1029
1484 1783
1487 1030
1502 1818
1503 1819
1509 1072
1510 1057
1515 1879
1516 1856
1525 1058
1526 1059
1527 883
1535 1096
1538 1031
1547 1105
1549 1017
1551 1003
1552 1004
1561 1881
1566 1112
1572 1883
1577 1127
1588 1138
1590 1032
1599 1126
1600 1139
1602 1128
1610 1980
1611 1944
1617 1140
1627 1149
1628 1162
1629 1185
1630 1076
1638 1074
1639 1075
1649 1998
1660 1204
1661 1205
1663 1073
1677 1190
1678 1231
1679 1232
1680 1221
1681 1234
1692 1233
1693 1235
1695 1164
1701 1360
1706 2084
1707 2067
1715 1251
1716 1253
1717 1244
1718 1165
1719 1151
1720 1141
1726 1269
1727 1270
1728 1186
1729 1188
1730 1163
1732 1150
1733 1166
1739 2068
1742 1288
1745 1152
1754 2069
1757 1280
1758 1168
1766 1301
1769 2094
1774 1312
1776 1192
1781 2144
1782 2145
1797 1329
1815 1354
1816 1355
1827 1361
1828 1363
1834 2153
1837 1322
1847 1367
1848 1379
1852 2232
1853 2166
1862 1313
1863 1304
1864 1305
1865 1289
1866 1290
1867 1291
1872 2201
1881 1303
1891 1410
1892 1411
1893 1412
1894 1314
1901 2217
1909 2224
1911 1453
1912 1438
1913 1428
1914 1306
1925 1452
1926 1429
1927 1413
1935 2266
1937 2225
1940 1466
1941 1467
1942 1455
1945 2317
1946 2342
1951 1456
1959 2256
1963 1493
1977 2269
1983 1386
1986 2355
1989 1557
1992 1439
1999 2331
2005 1550
2006 1540
2007 1541
2008 1534
2010 1430
2011 1401
2015 1556
2017 1573
2018 1560
2020 1440
2029 2396
2035 1414
2043 2332
2047 1597
2048 1614
2053 1457
2061 2401
2067 1628
2068 1615
2070 1598
2072 1586
2096 1581
2097 1494
2099 2374
2105 1644
2106 1553
2108 2461
2109 2450
2110 2375
2115 1720
2116 1643
2117 1495
2122 1662
2123 1646
2130 2451
2131 1698
2132 1680
2133 1647
2134 1575
2135 1543
2143 2439
2154 1710
2156 1599
2162 1721
2163 1649
2168 1722
2175 2499
2176 2471
2178 2462
2182 1729
2183 1616
2191 2492
2198 1711
2199 1602
2206 2472
2215 2563
2216 2540
2220 1740
2222 1648
2229 1699
2238 1681
2257 1786
2274 1841
2275 1810
2276 1682
2277 1683
2278 1690
2287 1911
2288 1884
2289 1886
2291 1842
2299 2589
2305 2637
2306 2574
2310 1885
2311 1831
2312 1832
2313 1775
2315 1756
2316 1812
2320 2620
2322 1988
2336 1730
2344 1989
2345 1923
2346 1765
2347 1744
2352 1811
2353 1787
2358 1960
2359 1897
2360 1898
2362 1821
2363 1802
2364 1788
2365 1731
2373 1888
2378 1936
2379 1870
2380 1776
2381 1777
2387 2686
2388 2673
2401 2687
2403 2122
2412 2016
2413 1843
2422 2748
2424 2058
2425 2046
2426 2036
2428 2005
2429 1982
2437 1945
2439 1992
2446 2100
2447 1999
2455 2797
2457 1947
2458 1887
2468 2749
2469 2754
2474 2101
2475 2038
2476 2017
2482 2736
2487 2048
2489 1962
2490 1971
2494 2770
2495 2751
2496 2735
2499 2000
2500 1981
2510 2085
2512 2846
2515 2001
2521 2819
2529 2079
2537 2096
2539 2086
2540 2059
2545 2097
2546 2018
2547 2019
2548 2002
2549 2003
2550 1990
2552 2088
2557 2186
2558 2020
2559 2109
2564 2787
2565 2788
2566 2771
2589 2087
2590 2070
2595 2147
2599 2934
2612 2919
2613 2898
2614 2868
2615 2856
2616 2820
2624 2902
2632 2208
2640 2941
2642 2196
2651 2154
2662 2320
2663 2248
2665 2235
2672 2986
2673 2903
2676 2218
2692 2603
2708 2993
2709 2968
2713 2194
2716 3086
2717 2992
2720 2273
2726 3031
2727 2942
2729 2604
2732 2605
2733 2321
2734 2334
2748 2294
2749 2258
2753 3001
2760 3131
2761 2987
2762 2298
2763 2356
2764 2344
2768 2988
2776 3091
2780 2275
2791 3010
2794 2306
2795 2335
2803 3148
2816 3032
2819 2688
2820 2405
2824 3121
2825 3122
2828 2295
2835 2403
2836 2416
2837 2357
2849 2415
2850 2406
2854 3194
2856 2484
2857 2432
2859 2433
2874 3195
2875 3162
2876 3114
2888 3225
2889 3140
2891 2752
2892 2753
2894 2426
2895 2452
2896 2453
2903 3226
2906 2465
2907 2427
2908 2386
2912 3176
2914 2367
2922 3208
2923 3209
2925 3115
2929 2807
2930 2777
2931 2755
2932 2575
2944 2508
2945 2474
2954 2531
2963 3268
2964 3269
2966 2821
2971 3250
2972 2530
2978 2809
2983 3215
2984 3177
2986 2869
2987 2808
2995 3317
2996 2621
2997 2576
2998 2577
3015 2870
3016 2871
3018 2475
3028 2493
3036 3348
3037 3335
3038 3279
3039 3288
3040 2935
3042 2632
3043 2513
3049 3326
3051 3261
3053 2638
3055 2610
3056 2594
3068 2925
3069 2578
3073 2910
3074 2884
3080 3300
3088 3381
3089 3377
3091 2679
3092 2494
3095 3369
3097 2702
3106 3406
3113 2542
3120 3362
3123 2596
3126 3371
3127 3349
3131 2726
3139 2949
3140 2579
3148 3400
3154 3476
3155 3436
3156 3407
3157 3327
3159 2744
3164 3132
3166 2727
3169 3033
3170 3011
3184 2789
3193 3437
3195 2847
3196 2711
3199 2634
3203 3483
3209 3408
3214 2790
3221 3103
3223 2606
3228 2857
3229 2639
3239 3491
3240 3409
3243 2728
3248 3531
3250 3526
3251 3498
3254 3041
3256 3002
3257 2943
3258 2778
3259 2712
3266 3484
3268 3452
3272 3004
3273 2885
3274 2839
3275 2822
3277 2713
3282 3462
3283 3141
3299 2756
3302 3574
3303 3453
3305 3021
3320 3022
3322 2721
3323 2661
3326 3463
3331 3485
3334 2888
3336 2729
3343 3594
3354 3590
3355 3586
3356 3051
3357 2872
3358 2714
3368 3565
3370 2936
3376 3123
3378 3052
3379 3035
3380 3005
3381 2944
3382 2913
3383 2873
3392 3289
3393 2990
3396 2858
3401 3638
3402 3560
3403 3270
3404 3036
3405 3042
3406 2848
3407 2799
3412 3232
3413 2849
3414 2816
3419 3527
3421 3133
3423 2779
3433 2757
3440 3063
3450 3013
3453 2994
3454 2859
3463 3661
3464 3587
3465 3104
3466 3023
3468 3163
3479 3566
3482 3073
3491 3544
3496 3202
3497 2995
3498 2905
3505 3353
3506 3105
3507 3024
3515 3614
3524 3694
3525 3662
3526 3319
3527 3164
3537 3364
3538 3210
3540 2969
3541 2830
3545 3618
3548 3093
3553 3746
3557 3203
3559 3094
3560 2952
3561 2890
3565 3165
3566 2928
3573 3663
3574 3615
3575 2953
3581 3653
3584 3378
3585 3354
3592 3379
3593 3328
3596 3095
3602 3053
3603 2891
3608 3716
3610 3758
3611 3329
3621 3675
3622 3390
3624 2945
3625 2874
3634 3708
3636 3681
3640 3142
3645 3262
3650 3747
3651 3748
3652 3658
3654 3350
3655 3170
3662 3234
3666 3819
3667 3717
3668 3720
3671 3495
3674 3037
3679 3280
3681 3014
3690 3809
3691 3701
3692 3134
3696 3794
3699 3788
3700 3769
3703 3218
3708 3087
3710 3705
3712 3219
3721 3727
3722 3732
3730 3810
3731 3770
3734 3537
3735 3096
3736 2954
3743 3820
3744 3074
3753 3776
3754 3749
3757 3344
3758 3290
3770 3281
3778 3418
3780 3054
3781 3043
3791 3282
3807 3777
3809 3546
3810 3419
3812 3025
3814 3908
3815 3873
3817 3762
3819 3608
3820 3243
3822 2978
3827 3438
3835 3882
3836 3411
3838 3312
3839 3006
3845 3547
3846 3538
3852 3874
3853 3829
3855 3412
3860 3803
3862 3235
3875 3166
3876 3116
3879 3940
3880 3951
3882 3567
3894 3867
3896 3124
3901 3849
3902 3688
3903 3506
3906 3106
3910 3977
3923 4022
3924 4023
3925 3993
3927 3954
3928 3930
3929 3464
3930 3251
3941 3952
3942 3759
3943 3676
3944 3609
3951 3924
3952 3875
3957 3923
3960 3158
3962 3728
3967 3868
3968 3677
3974 4014
3976 3789
3977 3718
3978 3569
3981 3884
3983 3522
3984 3486
3989 4049
3990 3561
3992 3345
4001 3306
4007 4024
4009 3252
4014 4050
4015 3841
4017 3738
4018 3583
4019 3220
4025 3696
4026 3584
4027 3821
4029 3626
4030 3178
4037 3671
4044 4108
4054 3804
4067 3562
4078 4120
4079 4004
4086 3916
4087 3697
4088 3301
4091 4046
4097 4097
4098 3889
4099 3790
4106 3413
4112 4124
4113 3682
4114 3678
4115 3664
4121 3650
4122 3457
4127 4187
4128 4025
4136 3863
4137 3784
4138 3711
4139 3500
4146 3850
4152 3925
4158 3978
4160 3900
4161 3640
4168 4051
4169 3962
4170 3957
4171 3750
4172 3733
4173 3698
4177 4170
4186 4160
4187 3778
4188 3588
4189 3420
4190 3384
4192 3372
4193 3313
4196 4135
4201 3429
4216 3902
4222 4211
4224 3813
4225 3575
4227 3539
4233 4082
4234 3984
4235 3861
4236 3858
4238 3548
4243 3958
4244 3851
4245 3509
4250 4245
4251 4125
4252 3918
4253 3891
4263 3941
4264 3917
4268 4038
4275 4186
4276 3835
4283 3601
4292 3507
4297 4126
4299 3822
4300 3722
4307 3469
4313 4299
4314 4272
4315 4017
4316 3805
4320 4111
4321 4052
4328 4289
4329 4212
4330 4006
4331 3570
4336 4254
4338 3979
4339 3926
4342 3751
4345 3627
4346 3458
4350 3842
4352 3430
4356 4319
4358 3831
4365 4242
4367 3610
4370 3877
4376 4362
4377 4338
4378 4136
4379 4007
4381 3785
4383 3779
4391 4197
4392 3927
4397 4188
4398 3523
4402 4065
4403 4039
4406 4300
4407 3959
4408 3444
4415 4177
4416 4008
4417 3995
4418 3985
4419 3771
4424 4112
4426 3712
4427 3628
4430 4207
4433 3752
4434 3445
4442 4363
4443 4301
4444 4251
4445 4098
4451 4232
4452 4189
4454 3585
4456 3514
4461 4290
4466 4162
4473 3986
4483 4018
4484 3909
4485 3643
4491 3589
4498 4163
4499 3642
4503 3729
4504 3702
4505 3515
4509 3554
4510 3492
4517 4109
4518 3996
4519 3549
4523 4233
4524 4147
4525 3878
4527 3602
4532 4303
4533 4129
4534 3654
4538 4105
4540 3689
4544 4198
4545 3967
4547 4339
4549 4009
4553 4279
4554 4085
4555 3713
4557 3734
4562 3595
4565 3555
4568 4255
4570 3942
4571 3869
4578 4180
4580 4086
4582 4213
4593 4090
4599 3992
4600 3647
4608 3943
4609 3753
4613 4280
4621 4165
4626 3735
4631 4262
4637 3910


IMG01.JPG IMG04.JPG
1 19
2 2
3 3
4 11
6 16
8 13
9 12
10 7
11 9
12 4
13 5
14 17
15 18
17 8
18 6
20 1
21 31
22 29
27 27
28 22
30 41
31 28
32 14
33 26
34 23
35 49
36 37
37 25
39 32
40 33
41 54
42 21
45 30
46 60
47 43
51 61
52 76
53 70
54 63
56 67
59 65
61 56
62 39
63 34
64 64
65 62
66 51
67 44
68 35
70 38
71 36
73 95
75 57
76 46
77 85
78 71
80 45
81 119
82 103
86 111
87 104
88 68
89 133
91 126
93 135
94 120
95 101
96 83
97 140
99 86
103 74
104 58
105 78
107 105
108 90
110 243
111 240
112 91
113 146
114 79
115 127
117 113
119 249
120 112
123 147
124 130
125 114
128 256
129 179
130 138
131 116
133 257
134 267
135 192
137 96
138 87
140 92
141 287
142 275
144 292
145 128
147 215
148 193
149 182
150 284
151 186
153 199
155 131
156 205
157 121
158 207
161 180
164 122
165 301
166 293
167 235
169 194
170 183
171 307
172 258
173 210
174 188
177 161
178 141
179 336
180 311
181 236
182 226
184 332
186 276
187 231
188 211
191 308
192 250
193 162
194 337
195 288
199 156
200 345
201 326
202 289
204 338
205 295
206 268
207 269
208 237
211 167
212 346
215 251
217 157
218 331
221 195
222 350
223 313
224 302
230 370
231 354
233 294
235 361
237 189
241 196
242 387
243 333
244 309
248 314
249 404
250 371
252 217
254 399
255 388
258 429
260 372
261 435
262 407
263 408
265 394
267 490
268 483
271 430
272 416
277 395
279 476
280 455
282 418
283 351
284 357
288 491
290 492
291 493
292 453
293 450
296 425
297 366
298 355
300 245
302 465
303 451
306 409
308 456
309 457
316 503
319 467
321 431
323 419
325 410
326 400
330 358
336 459
338 437
341 535
345 379
348 513
352 468
354 420
356 432
362 514
363 498
364 485
365 477
366 397
368 530
372 486
373 478
374 487
378 460
383 479
384 461
386 462
387 481
388 448
390 523
396 522
398 515
401 507
402 495
403 454
406 561
408 452
409 546
410 531
412 496
413 480
414 562
415 574
417 532
418 525
423 572
424 567
425 533
428 524
429 516
431 469
433 443
440 575
442 499
444 610
446 573
447 526
449 576
451 555
454 500
463 611
467 517
468 601
475 505
476 518
482 537
485 594
488 534
489 497
491 639
493 568
494 564
496 539
500 612
501 614
502 624
503 625
504 621
505 615
507 602
508 595
509 553
514 616
515 557
517 506
518 398
521 596
522 646
524 586
525 578
529 508
531 565
534 640
535 597
537 653
539 603
540 587
541 617
543 426
544 671
546 627
548 604
549 589
550 540
553 626
556 588
565 635
570 583
571 705
574 685
575 672
576 641
577 684
579 673
582 618
584 693
587 648
588 619
590 663
595 642
597 694
602 664
603 628
605 701
606 695
607 706
609 674
611 675
613 654
618 696
620 605
625 623
626 727
628 714
630 665
632 743
633 732
638 697
639 655
640 750
642 708
645 709
646 650
647 643
648 656
649 744
655 715
662 751
666 686
667 687
668 679
670 773
671 766
675 752
676 734
677 716
679 781
682 733
686 698
687 717
692 793
693 774
698 745
699 735
700 737
702 747
703 736
704 711
706 767
714 728
716 801
717 802
721 755
723 820
724 814
727 785
730 813
736 794
737 759
742 786
746 787
747 760
748 748
755 795
760 821
763 804
764 796
766 797
767 858
768 852
772 847
773 830
775 866
776 840
780 824
782 825
784 870
785 859
790 848
791 815
793 853
794 855
795 871
798 831
800 861
801 893
810 860
814 894
815 899
816 872
817 867
819 909
820 900
821 885
825 832
826 925
828 908
837 878
838 879
846 931
847 926
855 910
856 911
857 946
859 915
860 927
861 917
862 918
863 919
865 936
866 873
872 902
873 963
877 937
880 972
884 958
885 933
894 982
896 973
897 957
898 947
899 993
900 964
902 965
906 960
909 949
910 966
911 994
913 962
916 1018
922 983
924 996
928 995
929 997
930 976
931 1027
934 1029
939 1034
940 1044
942 1028
948 1056
949 1085
951 1045
954 1057
955 1058
956 1046
957 1059
959 1047
960 1048
962 1049
963 1035
966 1064
968 1076
969 1078
971 1065
973 1050
974 1051
978 1075
981 1077
982 1060
983 1036
991 1098
992 1093
993 1099
994 1079
996 1082
997 1083
999 1114
1001 1117
1003 1152
1006 1115
1007 1131
1009 1120
1012 1094
1013 1151
1015 1129
1017 1116
1018 1106
1020 1153
1021 1110
1022 1139
1023 1130
1025 1119
1027 1154
1029 1142
1032 1169
1033 1140
1035 1141
1038 1170
1039 1132
1041 1171
1048 1162
1049 1205
1050 1173
1056 1207
1059 1204
1061 1195
1064 1206
1066 1217
1069 1233
1070 1234
1072 1228
1073 1229
1074 1230
1076 1237
1079 1227
1082 1241
1084 1235
1085 1238
1087 1239
1092 1242
1093 1247
1095 1246
1106 1269
1112 1262
1117 1311
1118 1294
1119 1275
1120 1327
1124 1268
1127 1303
1128 1295
1130 1281
1135 1329
1142 1346
1158 1320
1160 1343
1167 1312
1168 1344
1174 1342
1178 1374
1179 1398
1180 1399
1184 1349
1187 1367
1191 1348
1193 1368
1196 1359
1197 1384
1198 1369
1203 1388
1204 1379
1206 1358
1207 1385
1213 1389
1214 1380
1216 1382
1224 1381
1225 1405
1233 1406
1236 1407
1238 1408
1239 1390
1241 1462
1246 1444
1247 1396
1250 1409
1251 1420
1252 1476
1259 1419
1260 1410
1261 1433
1262 1421
1276 1436
1277 1438
1285 1434
1286 1435
1290 1456
1291 1446
1292 1474
1311 1445
1313 1455
1314 1472
1330 1561
1333 1468
1336 1543
1338 1572
1339 1562
1342 1483
1347 1537
1350 1550
1352 1496
1354 1573
1362 1505
1364 1515
1365 1579
1367 1495
1368 1497
1369 1529
1372 1538
1376 1498
1377 1627
1378 1604
1392 1506
1393 1638
1395 1668
1405 1526
1406 1527
1412 1566
1413 1528
1420 1684
1428 1665
1438 1679
1440 1682
1447 1589
1455 1588
1458 1599
1459 1720
1460 1828
1465 1783
1466 1740
1468 1742
1481 1587
1482 1576
1484 1597
1485 1598
1486 1763
1493 1611
1494 1762
1500 1610
1502 1624
1504 1779
1505 1780
1506 1781
1508 1764
1512 1633
1515 1634
1516 1649
1518 1676
1520 1825
1521 1826
1522 1827
1523 1818
1532 1622
1534 1860
1540 1645
1542 1647
1544 1777
1545 1852
1556 1695
1559 1648
1561 1688
1562 1836
1563 1845
1565 1865
1571 1661
1573 1875
1574 1866
1576 1878
1579 1696
1581 1675
1583 1817
1585 1886
1590 1867
1594 1687
1596 1874
1597 1899
1610 1697
1612 1898
1613 1912
1628 1919
1632 1705
1633 1698
1634 1729
1643 1750
1644 1701
1651 1921
1652 1926
1654 1937
1655 1977
1658 1706
1659 1883
1664 1752
1665 1707
1666 1754
1667 1960
1674 1771
1675 1806
1676 1961
1682 1751
1684 1770
1687 1753
1691 1985
1699 1951
1701 2028
1704 1789
1706 1799
1707 1801
1708 1803
1709 1968
1710 1969
1711 1956
1712 1971
1713 1972
1721 1788
1722 1949
1723 1955
1724 2009
1739 1814
1741 2010
1749 1798
1754 1834
1755 1835
1756 2027
1761 1842
1762 2015
1764 1983
1765 1984
1767 1821
1770 1833
1772 2042
1781 1856
1784 2052
1785 2053
1786 2065
1794 1841
1796 2075
1799 1831
1800 1840
1802 2025
1804 2087
1805 2076
1806 2077
1809 1832
1811 1871
1824 1855
1826 2039
1831 1861
1834 1905
1836 2086
1843 2038
1844 2061
1846 2106
1854 2097
1855 2112
1857 2114
1858 2116
1859 2133
1872 1904
1873 1927
1874 1979
1875 2115
1876 2130
1877 2131
1878 2132
1879 2166
1880 2149
1883 1879
1886 1903
1887 2139
1888 2140
1897 1902
1900 1887
1901 1916
1902 2157
1905 2148
1908 1914
1909 1945
1910 2138
1922 1954
1923 1929
1924 2200
1937 1953
1938 2128
1939 2189
1948 2127
1949 2178
1950 2213
1956 2214
1962 2203
1967 1942
1968 1964
1970 2286
1971 2275
1980 2272
1981 2273
1982 2274
1987 2271
1988 2285
1998 1995
1999 2007
2000 2047
2001 2234
2002 2267
2003 2270
2012 1963
2013 2282
2014 2284
2015 2310
2016 2321
2029 2020
2031 2233
2032 2309
2043 2022
2044 2346
2045 2325
2050 2019
2058 2013
2060 2033
2062 2073
2063 2345
2064 2348
2065 2360
2066 2361
2080 2296
2085 2031
2088 2253
2090 2264
2091 2265
2094 2408
2095 2395
2098 2032
2099 2072
2101 2279
2103 2342
2104 2394
2106 2396
2108 2070
2109 2071
2110 2092
2111 2295
2113 2343
2115 2426
2127 2068
2129 2091
2139 2056
2141 2069
2142 2079
2144 2392
2145 2407
2148 2406
2149 2446
2150 2067
2152 2182
2159 2208
2160 2209
2165 2089
2175 2135
2176 2136
2178 2143
2181 2369
2191 2122
2195 2465
2204 2120
2208 2493
2215 2142
2217 2403
2226 2443
2227 2498
2228 2445
2235 2141
2239 2151
2240 2161
2241 2424
2242 2500
2243 2519
2244 2502
2246 2496
2253 2172
2255 2501
2262 2153
2264 2171
2266 2553
2267 2561
2269 2159
2271 2260
2273 2492
2274 2630
2280 2152
2282 2160
2283 2169
2287 2603
2288 2604
2289 2619
2294 2170
2296 2181
2299 2229
2300 2259
2305 2227
2306 2237
2308 2582
2309 2618
2319 2168
2320 2228
2321 2550
2325 2205
2327 2515
2328 2516
2329 2517
2330 2518
2331 2526
2332 2527
2333 2581
2334 2602
2358 2669
2369 2236
2372 2570
2384 2258
2387 2302
2389 2677
2390 2689
2395 2245
2398 2247
2400 2257
2401 2303
2403 2713
2405 2246
2407 2301
2408 2290
2410 2366
2417 2289
2419 2323
2420 2333
2422 2336
2425 2742
2434 2729
2435 2711
2442 2288
2445 2728
2446 2723
2455 2335
2456 2763
2462 2329
2463 2322
2465 2330
2466 2331
2467 2332
2468 2354
2470 2388
2474 2786
2478 2328
2482 2400
2483 2648
2484 2664
2485 2722
2486 2762
2491 2315
2492 2300
2493 2316
2494 2377
2495 2378
2496 2387
2497 2784
2498 2785
2504 2351
2507 2353
2508 2364
2509 2687
2512 2386
2513 2813
2521 2428
2522 2421
2524 2422
2526 2804
2527 2812
2528 2825
2532 2347
2534 2741
2535 2751
2542 2352
2552 2826
2556 2376
2557 2857
2559 2814
2566 2472
2568 2794
2571 2375
2575 2419
2577 2510
2579 2850
2580 2867
2585 2645
2591 2410
2592 2418
2594 2782
2595 2868
2598 2454
2599 2479
2607 2420
2609 2453
2614 2480
2615 2488
2617 2591
2618 2849
2620 2438
2628 2471
2629 2841
2630 2739
2633 2905
2641 2866
2642 2906
2647 2451
2648 2452
2649 2565
2650 2913
2653 2470
2655 2781
2658 2469
2661 2548
2663 2920
2664 2921
2666 2933
2669 2478
2671 2524
2672 2530
2673 2537
2676 2980
2678 2477
2679 2546
2682 2947
2688 2508
2689 2509
2698 2536
2700 2545
2701 2576
2706 2543
2707 2535
2708 2564
2709 2588
2716 2547
2718 2824
2726 2575
2727 2636
2729 2855
2741 2558
2743 2544
2744 2657
2745 2863
2747 3027
2748 3035
2749 3036
2752 2563
2753 2624
2756 2771
2757 2800
2758 3018
2761 2635
2763 2979
2769 2861
2773 2562
2774 2557
2775 2574
2777 2904
2779 3095
2782 2556
2783 2542
2785 2572
2786 2573
2791 2699
2795 3078
2798 2623
2801 2612
2802 2655
2805 2610
2808 2634
2813 2587
2814 2611
2815 2697
2818 2912
2819 2929
2821 3079
2822 2775
2826 2780
2834 2984
2837 3126
2840 2895
2843 3127
2847 2696
2850 3125
2853 2675
2854 2707
2855 2790
2856 3114
2857 3115
2859 3124
2869 2643
2871 2654
2874 2718
2884 2674
2887 2695
2888 2717
2889 2748
2901 2694
2907 3157
2908 3182
2911 2706
2913 3005
2914 3193
2916 2684
2917 3014
2922 2779
2925 2831
2926 2693
2928 2724
2929 3082
2930 3052
2937 2733
2943 2754
2945 3213
2949 2716
2950 2753
2951 2769
2957 2768
2960 2777
2961 2778
2962 2789
2964 2798
2965 3013
2966 3060
2971 2829
2973 2747
2976 2837
2982 2810
2984 2844
2985 2874
2987 3094
2990 2746
2991 2752
3010 2820
3013 2819
3014 3050
3018 3297
3019 2807
3020 2776
3026 2873
3027 3287
3028 3288
3029 3296
3034 2809
3039 2872
3040 3121
3042 3235
3043 3286
3048 2843
3049 2883
3051 2884
3052 3106
3054 3252
3056 3261
3057 3285
3060 2806
3062 2808
3064 2817
3065 2818
3066 2871
3067 3108
3069 3274
3072 2870
3073 3161
3075 3361
3076 2816
3085 2836
3087 2859
3088 2901
3090 3181
3092 3367
3094 2892
3102 2891
3103 2854
3105 2882
3108 2869
3109 2858
3110 2900
3113 3399
3122 3180
3123 3382
3126 2964
3127 2952
3128 2973
3129 3188
3130 3305
3133 2880
3134 2881
3137 2899
3138 3150
3139 3234
3143 2908
3147 2951
3148 2963
3153 2917
3154 2962
3157 3003
3158 3171
3159 3342
3162 2928
3165 3310
3168 2916
3172 2926
3175 2942
3179 2949
3181 2950
3182 3097
3184 3381
3190 2927
3191 2961
3194 3219
3195 3311
3199 3460
3200 3492
3201 2941
3203 3010
3205 3210
3210 3200
3213 3229
3216 2924
3218 2925
3220 2972
3221 3273
3223 3491
3229 3514
3231 2992
3232 2960
3233 2940
3236 3002
3238 3009
3239 3044
3242 3242
3243 3476
3244 3471
3248 3021
3251 3043
3252 3091
3254 3332
3258 3448
3263 2983
3264 2994
3265 2995
3267 3049
3268 3073
3274 3432
3276 3500
3282 3074
3283 3295
3285 3149
3287 3257
3288 3398
3289 3555
3291 2993
3294 3048
3297 3232
3298 3470
3299 3533
3300 3572
3301 3001
3303 3104
3304 3241
3305 3379
3306 3489
3307 3490
3309 3007
3310 3008
3312 3041
3319 3072
3323 3562
3325 3042
3326 3132
3327 3155
3331 3112
3333 3320
3334 3510
3337 3039
3342 3029
3343 3096
3345 3272
3346 3309
3347 3366
3348 3431
3351 3070
3353 3071
3354 3111
3355 3120
3356 3439
3357 3532
3358 3644
3361 3037
3362 3038
3366 3089
3368 3130
3369 3178
3370 3499
3372 3069
3375 3280
3376 3422
3377 3430
3378 3440
3382 3511
3383 3554
3387 3081
3389 3088
3391 3119
3393 3520
3394 3605
3401 3141
3402 3154
3403 3377
3406 3580
3407 3613
3410 3103
3411 3365
3412 3410
3413 3581
3416 3068
3420 3218
3421 3487
3423 3635
3425 3102
3426 3067
3428 3118
3431 3177
3432 3293
3433 3669
3436 3117
3439 3140
3440 3531
3442 3668
3450 3553
3453 3561
3459 3129
3461 3148
3463 3160
3466 3552
3474 3116
3476 3146
3478 3176
3482 3579
3487 3700
3490 3152
3491 3249
3492 3250
3493 3268
3496 3509
3497 3620
3498 3656
3500 3145
3502 3147
3504 3429
3506 3530
3507 3604
3508 3138
3514 3197
3517 3437
3518 3458
3524 3196
3525 3207
3526 3459
3527 3570
3533 3185
3537 3508
3538 3551
3539 3628
3540 3660
3541 3742
3542 3187
3550 3175
3557 3578
3559 3634
3560 3680
3561 3720
3563 3159
3565 3603
3566 3719
3571 3165
3572 3217
3573 3238
3574 3248
3575 3710
3579 3166
3581 3239
3582 3397
3584 3519
3585 3539
3586 3769
3587 3164
3590 3303
3591 3498
3593 3576
3595 3642
3596 3658
3598 3205
3599 3237
3600 3353
3602 3691
3603 3795
3607 3216
3608 3247
3609 3204
3610 3267
3612 3750
3615 3195
3616 3214
3623 3749
3624 3779
3625 3810
3630 3215
3632 3228
3633 3236
3637 3435
3639 3632
3641 3194
3642 3246
3643 3391
3644 3633
3646 3732
3647 3222
3652 3317
3654 3618
3655 3699
3660 3352
3661 3408
3662 3679
3665 3292
3666 3302
3667 3329
3668 3330
3669 3428
3671 3560
3672 3485
3674 3785
3677 3221
3679 3717
3680 3718
3681 3791
3682 3832
3684 3230
3689 3350
3691 3374
3692 3768
3693 3831
3694 3245
3696 3327
3697 3265
3699 3338
3700 3339
3702 3690
3706 3760
3710 3375
3711 3686
3712 3754
3713 3865
3716 3266
3720 3316
3722 3376
3724 3820
3735 3841
3736 3908
3738 3255
3740 3300
3741 3301
3743 3389
3744 3854
3748 3299
3753 3390
3754 3420
3755 3457
3756 3529
3757 3731
3758 3759
3761 3279
3763 3313
3765 3314
3766 3315
3767 3359
3772 3809
3774 3363
3778 3716
3779 3894
3780 3895
3781 3901
3784 3325
3786 3388
3787 3496
3789 3727
3794 3887
3795 3932
3799 3326
3800 3349
3804 3337
3805 3348
3806 3427
3809 3627
3811 3853
3812 3947
3814 3425
3816 3456
3817 3475
3818 3469
3821 3948
3822 3965
3827 3767
3832 3362
3834 3373
3835 3426
3839 3964
3843 3396
3848 3400
3852 3468
3859 3405
3862 3875
3863 3907
3872 3419
3875 3939
3876 3963
3877 3455
3879 3481
3880 3474
3881 3610
3887 3467
3892 3418
3893 3454
3894 3516
3896 3974
3897 3371
3898 3372
3901 3538
3902 3674
3906 3995
3909 3505
3910 3515
3911 3647
3912 3925
3914 3386
3920 3453
3924 3506
3925 3527
3928 3549
3930 3937
3934 3417
3940 3466
3941 3528
3942 3645
3944 3707
3945 3938
3951 3566
3952 3587
3957 3565
3959 3994
3960 4009
3962 3685
3966 3537
3967 3601
3971 3445
3972 3504
3976 3698
3979 3452
3981 3594
3984 3918
3987 3480
3992 3955
3993 3416
3995 3526
3996 3673
4000 3741
4001 3978
4002 4008
4006 3564
4007 3600
4009 4021
4010 4033
4013 3599
4014 3616
4015 3738
4016 3714
4018 3864
4019 4055
4022 3575
4025 3766
4027 3740
4029 3807
4030 4067
4032 3574
4034 3586
4037 3805
4038 3473
4039 3479
4041 3502
4042 3503
4043 3559
4051 3547
4054 3765
4056 3501
4057 3546
4060 3585
4062 3625
4064 3697
4071 3638
4072 3640
4076 3558
4077 3639
4079 3672
4081 4057
4085 3684
4086 3764
4087 3829
4088 4049
4091 3666
4094 3525
4098 3777
4099 3804
4104 3653
4106 4020
4109 3624
4112 3688
4113 3859
4115 3873
4117 3545
4119 3753
4120 3848
4121 3885
4122 4007
4123 4054
4127 3671
4128 3730
4131 3563
4134 3598
4136 3828
4137 3846
4142 3630
4143 3637
4148 3960
4150 3557
4151 3665
4152 3818
4156 3636
4157 3683
4158 3789
4161 3917
4162 3609
4165 3695
4169 3793
4170 3803
4171 3893
4172 3877
4175 3696
4176 3705
4187 3900
4188 4000
4189 4071
4190 4086
4193 4119
4201 4066
4202 4091
4204 3629
4206 4014
4215 3784
4216 3851
4217 3872
4223 3899
4224 3916
4225 4025
4226 4030
4234 3845
4235 3906
4238 4045
4242 3737
4243 3863
4244 3915
4247 3703
4250 3762
4251 3788
4253 3905
4256 3670
4258 3702
4259 3704
4260 3712
4261 3694
4264 3904
4265 3971
4268 3862
4271 3652
4273 3693
4276 3954
4277 4072
4284 3682
4292 4097
4294 3678
4295 3736
4297 3826
4298 3959
4301 3776
4304 3898
4306 4127
4313 3792
4315 3892
4316 3991
4319 3775
4320 3870
4324 3687
4325 3787
4328 3816
4329 3840
4330 3914
4334 3726
4336 3825
4337 3871
4338 3941
4340 3976
4341 3977
4342 4013
4344 4042
4348 3782
4349 3844
4350 3990
4352 4155
4354 3724
4355 3781
4357 3891
4359 3662
4362 3735
4365 3869
4366 4041
4382 4032
4388 3725
4389 3815
4392 3989
4397 3890
4398 4143
4402 3940
4403 3958
4405 3757
4406 3883
4407 3998
4408 4188
4415 3934
4417 3988
4424 3945
4426 4090
4430 3923
4431 4064
4438 3774
4440 3843
4441 3876
4442 3882
4443 3913
4444 3928
4445 3967
4449 3839
4450 3858
4451 3929
4452 3952
4453 4089
4454 4148
4455 4151
4459 3786
4461 3922
4463 3773
4466 3953
4468 3983
4474 4123
4476 3744
4481 3842
4483 4027
4484 4056
4485 4163
4486 4238
4489 3799
4494 3800
4498 3982
4503 4126
4504 4136
4505 4217
4509 4178
4515 3868
4517 4011
4523 3970
4524 4016
4525 4088
4526 4184
4532 3975
4533 4017
4538 4039
4539 4172
4542 3814
4544 4005
4547 3969
4553 3996
4556 3966
4559 3889
4560 3912
4562 4231
4565 4267
4566 3881
4568 4024
4570 4107
4572 3962
4573 4276
4576 3981
4581 4116
4582 4043
4584 3903
4592 4080
4596 4297
4601 3880
4605 3980
4608 4145
4618 3927
4621 4087
4632 4327
4636 4023


IMG02.JPG IMG03.JPG
1 20
2 1
4 2
5 3
6 17
7 12
8 14
9 19
10 25
11 6
12 10
13 11
17 24
18 33
20 37
22 9
23 4
24 5
25 22
26 29
29 30
30 32
32 42
34 64
35 16
36 52
37 49
41 59
44 35
46 79
47 80
48 90
49 28
50 50
51 51
53 27
55 26
57 72
59 69
61 83
62 96
63 106
65 82
69 71
71 56
73 103
76 114
78 130
79 124
81 48
82 123
84 40
85 45
87 137
91 81
93 95
94 112
96 44
97 77
100 55
107 122
113 7
115 67
116 121
117 13
118 15
120 89
122 151
123 162
125 21
129 23
131 111
133 120
137 31
138 109
139 187
141 85
142 147
145 181
147 47
149 159
151 76
154 102
156 175
159 38
161 180
162 43
163 54
164 57
165 74
166 119
168 203
169 191
170 207
178 53
179 75
180 94
181 101
182 142
183 223
184 65
185 129
186 146
187 202
190 88
193 161
195 46
196 60
197 93
199 86
200 132
201 135
202 141
203 186
204 219
208 98
212 70
213 92
214 240
215 241
218 73
221 133
223 227
224 228
227 97
228 105
230 157
231 158
232 150
233 104
234 167
238 110
241 257
242 100
243 91
245 117
248 218
249 232
250 226
252 253
255 115
256 126
257 128
259 134
261 243
264 333
267 169
271 149
272 179
277 264
282 113
283 116
291 144
296 336
300 131
303 140
307 125
308 156
309 190
310 252
316 292
317 172
318 154
319 164
320 271
321 280
324 346
325 343
328 148
329 168
330 193
331 205
332 278
336 171
337 183
338 184
341 177
342 296
343 358
345 152
347 297
352 170
354 276
355 349
361 200
363 291
366 372
369 195
371 217
372 305
379 216
381 385
383 377
385 206
387 317
388 324
389 362
397 211
400 199
401 214
402 215
403 224
404 311
406 382
408 210
413 342
414 381
418 233
419 230
420 237
422 384
427 236
428 238
429 386
430 404
434 208
436 338
437 341
441 225
442 242
444 398
449 403
453 246
454 259
456 402
457 422
458 405
466 258
469 365
472 254
474 249
482 250
483 268
485 261
486 364
488 429
490 265
494 436
499 376
503 245
504 270
506 344
509 288
511 428
512 435
513 465
515 273
516 274
520 434
526 281
527 272
528 283
529 301
532 464
533 293
534 289
537 482
540 302
546 299
547 300
548 316
549 483
554 287
555 380
556 451
558 477
563 314
564 463
566 478
568 315
569 322
570 462
571 308
573 419
574 472
576 319
577 330
578 421
581 325
582 337
586 492
590 318
591 491
595 481
596 334
597 347
598 441
603 363
605 353
606 335
607 409
609 356
610 340
612 536
614 418
617 516
619 508
620 517
625 443
629 350
630 501
631 519
638 370
645 371
647 531
649 394
655 378
657 489
658 490
659 514
661 541
662 567
664 373
666 379
668 530
670 395
673 561
676 471
677 560
680 393
681 412
684 495
685 549
688 566
691 424
693 388
694 391
695 420
697 548
700 518
707 411
708 427
709 389
710 400
716 461
718 582
722 431
723 432
724 440
727 539
729 601
730 606
732 430
734 458
735 448
736 460
738 600
740 607
743 479
748 442
751 476
754 470
755 449
757 559
758 591
760 617
764 480
766 579
767 616
771 524
772 505
774 621
777 625
778 632
781 535
783 542
785 486
786 631
787 624
789 487
790 504
791 528
795 626
799 590
807 513
811 574
813 543
814 642
815 652
818 551
821 646
823 647
826 527
828 538
829 613
833 612
839 583
841 562
850 556
858 661
859 670
863 630
864 671
867 633
870 678
871 675
872 627
873 596
875 669
876 698
880 643
881 628
883 653
886 684
887 685
891 658
894 619
898 614
900 629
904 701
908 674
909 709
910 710
917 700
919 717
922 739
923 728
926 677
929 693
930 687
933 740
934 704
936 705
938 727
941 738
944 663
947 749
949 750
953 754
954 751
955 758
957 721
958 742
970 760
971 761
973 747
976 789
978 764
979 773
981 776
982 788
992 771
993 792
995 798
997 777
1002 753
1007 746
1012 816
1013 823
1018 822
1023 833
1029 775
1030 802
1033 831
1034 832
1036 809
1040 817
1043 787
1044 808
1045 825
1049 844
1050 826
1055 845
1067 801
1075 856
1078 892
1079 894
1080 895
1081 853
1082 855
1084 901
1085 907
1086 902
1087 903
1089 904
1090 911
1097 854
1098 875
1099 926
1104 925
1108 879
1109 869
1113 836
1114 843
1119 886
1126 885
1128 978
1138 938
1139 919
1142 999
1145 918
1146 998
1148 917
1150 963
1152 1040
1157 951
1159 1071
1160 1056
1162 884
1163 950
1166 1046
1172 916
1173 964
1182 1084
1184 971
1185 972
1192 1095
1198 1125
1202 994
1204 1011
1206 937
1207 1009
1212 1012
1213 1161
1217 1010
1221 1051
1224 1033
1225 1034
1226 1035
1236 970
1238 1068
1243 1052
1244 1081
1246 1240
1249 1067
1250 1241
1256 1091
1257 1082
1258 1268
1259 1278
1265 1277
1270 1008
1271 1043
1272 1025
1279 1101
1286 1090
1287 1100
1290 1123
1297 1066
1298 1080
1299 1129
1305 1064
1306 1098
1308 1130
1309 1131
1334 1143
1340 1176
1342 1177
1349 1157
1365 1210
1366 1427
1370 1226
1389 1189
1390 1217
1391 1200
1392 1437
1397 1174
1398 1236
1399 1483
1410 1225
1411 1248
1413 1492
1414 1475
1429 1199
1430 1512
1448 784
1452 1155
1457 1247
1464 1285
1473 1274
1479 1258
1481 1294
1490 860
1501 1257
1502 1284
1504 1295
1505 1613
1506 1595
1507 1571
1520 1246
1532 1216
1533 1282
1534 1318
1542 1283
1548 873
1551 1308
1556 927
1559 1672
1563 929
1564 930
1565 931
1567 913
1568 914
1571 1351
1572 1335
1574 1659
1582 942
1583 944
1584 958
1592 957
1596 1678
1602 1661
1607 1372
1613 1001
1614 982
1615 1365
1616 1374
1618 1358
1626 975
1628 1371
1635 1002
1639 1381
1640 1708
1650 1028
1651 1000
1654 1373
1655 1762
1660 1085
1661 1324
1662 1370
1671 1047
1672 1030
1675 1334
1684 1403
1686 1728
1690 1057
1691 1058
1692 1059
1693 1442
1698 1072
1699 1096
1701 1086
1704 1755
1713 1420
1716 1422
1724 1369
1729 1783
1737 1105
1738 1458
1754 1404
1763 1104
1764 1127
1768 1819
1778 1434
1779 1880
1780 1138
1781 1139
1782 1128
1784 1387
1785 1435
1788 1856
1799 1162
1800 1140
1802 1402
1803 1419
1813 1499
1814 1522
1815 1500
1816 1523
1822 1185
1824 1088
1825 1501
1828 1881
1832 1204
1835 1524
1836 1525
1838 1487
1839 1502
1841 1503
1844 1214
1853 1470
1854 1526
1859 1231
1860 1221
1862 1477
1863 1537
1864 1527
1866 1980
1875 1232
1876 1233
1877 1235
1879 1163
1885 1234
1886 1244
1887 1192
1888 1188
1891 1578
1896 1269
1898 1187
1899 1998
1912 1270
1923 1280
1932 1252
1933 1312
1938 1301
1944 1584
1956 1577
1957 1585
1964 1329
1966 1322
1969 1561
1970 1605
1974 1607
1975 2084
1976 2067
1982 1363
1983 1302
1984 1606
1985 1633
1993 1360
1995 1354
1996 1355
1997 1361
2001 2068
2007 1289
2010 2093
2011 2069
2018 1367
2019 1379
2020 1304
2021 1305
2022 1290
2023 1632
2039 1652
2040 1653
2041 1654
2051 1410
2052 1411
2054 1675
2056 2144
2057 2145
2068 1631
2074 1428
2078 1452
2079 1465
2080 1453
2081 1455
2082 1429
2084 1413
2085 1685
2091 1466
2092 1467
2093 1456
2094 1703
2096 2153
2105 2166
2115 1684
2117 2232
2118 2201
2123 1439
2133 1440
2134 1430
2135 1727
2138 2217
2144 1534
2147 1702
2150 1533
2152 1734
2161 1550
2162 1557
2163 1541
2164 1733
2165 1704
2172 1540
2173 1560
2175 1726
2176 1714
2179 2266
2180 2267
2181 2224
2185 1558
2186 1573
2191 2225
2202 1597
2203 1559
2204 1615
2206 1725
2208 1773
2209 2317
2212 1598
2213 1768
2214 1770
2215 1771
2217 2256
2226 1628
2228 1586
2229 1581
2230 1575
2231 1494
2232 2342
2240 1750
2248 1780
2250 1614
2251 1643
2254 1576
2256 1791
2257 1781
2265 1644
2266 1767
2270 1772
2273 2331
2275 1720
2276 1680
2277 1662
2278 1646
2279 2355
2281 1648
2282 1599
2284 1792
2285 2396
2286 2332
2294 1698
2295 1647
2297 1616
2298 1813
2310 1849
2318 1721
2319 1729
2320 1663
2327 1825
2329 2401
2335 1711
2337 1833
2338 1848
2342 2374
2346 1699
2347 1863
2348 1834
2356 1740
2358 1874
2359 2461
2360 2450
2364 1763
2366 2451
2374 1824
2376 2439
2394 1775
2395 1916
2412 1841
2413 1810
2414 1933
2417 1917
2418 2499
2422 1842
2425 2471
2427 2462
2431 1911
2432 1884
2433 1872
2434 1925
2435 1984
2436 1934
2438 1918
2440 1900
2442 2539
2443 2492
2445 2472
2449 1831
2452 1952
2453 1901
2455 1889
2456 1890
2459 1886
2461 1821
2467 1888
2468 1953
2472 2563
2473 2540
2474 1923
2476 1972
2477 2541
2480 1973
2496 1988
2497 1897
2498 1898
2499 1870
2509 1960
2510 1936
2511 1985
2522 1964
2523 1993
2529 1950
2530 2008
2541 2005
2542 1982
2546 2589
2551 1961
2552 1945
2553 1946
2555 1992
2556 1965
2558 2574
2565 2046
2566 2036
2567 2016
2568 2038
2569 1947
2570 2041
2573 2637
2574 2620
2579 2058
2582 2024
2583 2026
2584 2050
2587 1962
2590 2006
2599 2017
2600 1971
2601 2022
2602 2030
2607 2000
2609 1994
2614 2100
2616 2048
2617 2001
2618 2073
2622 2101
2623 2049
2627 2009
2632 2085
2633 2079
2634 2086
2636 2686
2637 2673
2649 2109
2650 2060
2652 2075
2653 2080
2655 2687
2659 2089
2660 2072
2661 2090
2666 2096
2668 2087
2669 2098
2674 2167
2675 2097
2676 2110
2677 2099
2680 2748
2686 2051
2694 2147
2695 2091
2701 2186
2702 2125
2706 2076
2711 2146
2713 2140
2717 2797
2718 2749
2721 2142
2722 2736
2730 2775
2731 2751
2732 2735
2739 2770
2746 2155
2747 2160
2748 2117
2757 2196
2758 2139
2759 2159
2760 2126
2761 2846
2764 2218
2765 2171
2766 2181
2776 2156
2779 2248
2780 2234
2781 2235
2782 2813
2783 2771
2792 2787
2793 2788
2798 2320
2801 2187
2802 2172
2805 2305
2815 2203
2821 2209
2822 2820
2829 2856
2830 2258
2831 2227
2832 2934
2835 2294
2837 2230
2838 2127
2843 2321
2844 2901
2845 2902
2853 2334
2854 2275
2855 2236
2862 2919
2865 2344
2867 2238
2875 2335
2877 2237
2878 2903
2883 2259
2885 2604
2887 2295
2897 2986
2901 2299
2902 2260
2907 2357
2908 2283
2909 2284
2911 2968
2918 2992
2922 2403
2924 2285
2925 2210
2927 3086
2928 2993
2929 2942
2937 2406
2938 2322
2946 2432
2947 2433
2948 2367
2949 2345
2951 2286
2952 3031
2956 2386
2957 2346
2959 3020
2962 2688
2963 2415
2964 2453
2965 2427
2966 2336
2967 3001
2968 2987
2972 2368
2976 2484
2977 2377
2978 2359
2979 2351
2985 2360
2986 2337
2989 3010
2995 2752
2996 2369
2997 3131
3003 2474
3005 3148
3006 3032
3008 2338
3009 2339
3017 2753
3019 2621
3021 2388
3022 2380
3026 3121
3027 3122
3030 2379
3032 2310
3033 2250
3037 2378
3053 2777
3058 2300
3066 2475
3067 2434
3068 2417
3071 3162
3073 2807
3074 2575
3075 2493
3076 2441
3077 2399
3078 2382
3079 3194
3084 2447
3085 3195
3088 3140
3091 2821
3093 2513
3095 2443
3098 3225
3099 3226
3100 3114
3101 3115
3104 2418
3105 2429
3106 2389
3113 2578
3114 2494
3118 3208
3119 3176
3122 2883
3124 2632
3125 2610
3126 2594
3128 2393
3130 3227
3132 2869
3133 2476
3134 2419
3136 3229
3151 2870
3153 2542
3155 3269
3156 3209
3160 2596
3161 2509
3163 2361
3164 3250
3166 3177
3170 2595
3171 2467
3174 3215
3176 2935
3177 2702
3178 2500
3181 3317
3183 2925
3185 2532
3186 2486
3187 2477
3188 2444
3191 2910
3192 2911
3193 2448
3195 3318
3198 2726
3200 2487
3201 2455
3207 3299
3210 2744
3212 2815
3213 2634
3215 2521
3218 2430
3219 3279
3220 3261
3222 2557
3223 2522
3226 3348
3227 2639
3229 2437
3230 3326
3233 2829
3234 2606
3240 3377
3241 3288
3242 3300
3246 2501
3250 2544
3254 3381
3257 2728
3259 2712
3260 2713
3265 2445
3266 3369
3268 3033
3269 3011
3270 2661
3272 2580
3277 2949
3283 2778
3284 2643
3285 2581
3286 2566
3288 3406
3289 3327
3292 2721
3293 2496
3295 3371
3296 3352
3299 2839
3300 2840
3301 2756
3305 3349
3314 2644
3318 3132
3319 3102
3320 3002
3322 2798
3323 2729
3324 2714
3326 2478
3327 3407
3331 3476
3332 3436
3333 3400
3335 3041
3336 2663
3337 2622
3338 2598
3344 2885
3345 2810
3346 2623
3353 3021
3354 2640
3355 2552
3358 3141
3360 2904
3361 2757
3366 3022
3367 2943
3368 2886
3369 3437
3370 3408
3373 2849
3374 2799
3375 2779
3376 2722
3377 2691
3378 2599
3383 2913
3388 2523
3389 2524
3394 2873
3395 2858
3396 2816
3399 3409
3402 3005
3404 2944
3405 2912
3407 2654
3408 2674
3413 3123
3414 3051
3416 2745
3420 3498
3421 3491
3423 3052
3424 2990
3427 2850
3428 2730
3430 3526
3431 3484
3433 3452
3436 2611
3440 3042
3441 2859
3445 3013
3446 2703
3448 3531
3453 2737
3454 2692
3460 2905
3461 2830
3462 2567
3463 3289
3464 3133
3465 3063
3466 3023
3467 2994
3473 3485
3474 2792
3475 2738
3480 3232
3482 3104
3485 2793
3486 2731
3487 2704
3489 3594
3490 3574
3496 3073
3498 2995
3499 2890
3500 2693
3502 2680
3504 3024
3506 2969
3508 2681
3509 2645
3510 3543
3513 3105
3515 2928
3516 2723
3518 2682
3519 2665
3522 2655
3528 3586
3531 2952
3533 2780
3535 2656
3536 2624
3537 3565
3539 3202
3540 2953
3543 2891
3547 2874
3549 2612
3551 3560
3552 3164
3554 3094
3555 2831
3556 2800
3560 3527
3565 3210
3566 2945
3570 3638
3574 3353
3575 3203
3576 3165
3577 3093
3584 3319
3585 3095
3586 3053
3590 2832
3609 3378
3611 2794
3612 2696
3613 3661
3614 3544
3615 3354
3616 3142
3619 3014
3624 3379
3625 3328
3626 3037
3627 2851
3628 2860
3629 2695
3635 3170
3637 3614
3641 3329
3642 3234
3643 2954
3651 2906
3653 2841
3654 2833
3656 3662
3658 3311
3660 3262
3663 3134
3664 2683
3665 3694
3666 3618
3670 3218
3672 3087
3674 2937
3676 2746
3678 3350
3679 2781
3681 3615
3683 3096
3684 3074
3685 2852
3694 2907
3695 3663
3698 3263
3699 3219
3702 3043
3705 3675
3706 3653
3709 3280
3710 3054
3711 2978
3713 2979
3714 2782
3719 3025
3721 3006
3726 2929
3727 2759
3728 3658
3735 3746
3736 3684
3742 3747
3743 3708
3744 3695
3746 3344
3747 3290
3748 3291
3750 3681
3754 3504
3757 2991
3758 2938
3759 3758
3765 3282
3768 3499
3772 2946
3775 3717
3778 3545
3779 3418
3780 3275
3781 3038
3782 2980
3783 2908
3784 2875
3786 3748
3787 3720
3788 3701
3789 3537
3791 3166
3792 2970
3793 3819
3794 3419
3795 3312
3796 3235
3801 3124
3802 3116
3803 3106
3805 3064
3809 3788
3810 3769
3813 3505
3814 3438
3816 2961
3818 3809
3819 3794
3820 3705
3824 2834
3829 3411
3832 2823
3833 3727
3834 3546
3839 3770
3840 3749
3845 3158
3848 3538
3850 2981
3853 2842
3854 3820
3859 3547
3862 3776
3866 3046
3867 2997
3870 3079
3871 3810
3874 3567
3876 3026
3877 2861
3878 3777
3879 3762
3889 3506
3890 3464
3891 3220
3893 3178
3897 3873
3901 3345
3902 3320
3903 3271
3905 3055
3906 3829
3907 3015
3908 2930
3909 3908
3911 3882
3913 2963
3914 3874
3915 3848
3922 2876
3926 3039
3928 3721
3929 3609
3932 3486
3940 3027
3941 3028
3946 3840
3947 3676
3949 3204
3950 3135
3951 3849
3955 2975
3957 3951
3958 3867
3959 3710
3960 3569
3962 3149
3963 3075
3965 3301
3966 3047
3967 3007
3970 3728
3972 3172
3973 2955
3974 2914
3979 3136
3980 3930
3981 3677
3983 3098
3986 3977
3987 3954
3988 3952
3991 2971
3993 3993
3994 3875
3997 3789
4003 4022
4004 4023
4005 3923
4006 3868
4007 3626
4008 3413
4013 3065
4016 2956
4017 4013
4018 3924
4019 3884
4024 3117
4026 3088
4028 3056
4031 3696
4033 3457
4034 3236
4038 3738
4040 3313
4041 3264
4042 3185
4043 3159
4044 3066
4046 3931
4048 3841
4050 3562
4055 3173
4056 3109
4058 4049
4059 4014
4062 3821
4063 3384
4064 3372
4067 3915
4069 3500
4073 3804
4074 3420
4076 3137
4081 3697
4085 4024
4087 3429
4089 3008
4097 3682
4098 3678
4099 3664
4100 3649
4103 4050
4106 3337
4111 3016
4115 3889
4116 3640
4120 3196
4121 3197
4122 3150
4123 3057
4128 3711
4129 3588
4130 3338
4132 3961
4134 3885
4140 4071
4141 4004
4142 3916
4144 3784
4146 3750
4148 3548
4150 3244
4151 3143
4153 3575
4159 3179
4162 3900
4163 3863
4164 3850
4165 3733
4167 3076
4170 4046
4171 3469
4173 3507
4174 3187
4175 3144
4177 4120
4181 3430
4186 3957
4187 3925
4193 3813
4194 4121
4195 4037
4196 4025
4199 3222
4200 3077
4202 3601
4203 3253
4205 3901
4206 3902
4208 3180
4212 3851
4213 3722
4214 3421
4216 4187
4217 3861
4220 3223
4224 3891
4225 3444
4226 3445
4227 3283
4231 3523
4233 3198
4236 3984
4237 3958
4239 3917
4240 3835
4242 4170
4243 3941
4244 3918
4247 3610
4253 4135
4256 4160
4257 4082
4260 3751
4262 3514
4264 3231
4268 3805
4272 3188
4273 3145
4275 4038
4280 3199
4282 3322
4283 3292
4284 3293
4285 3265
4289 4125
4290 3842
4291 3492
4293 4211
4294 3785
4296 3629
4297 3585
4298 3237
4302 3989
4303 3926
4304 3515
4309 4245
4311 4017
4312 3979
4313 3877
4315 3422
4318 4186
4319 4006
4320 3355
4321 3330
4323 3181
4324 4126
4325 4052
4326 3893
4329 3642
4330 4111
4331 3927
4332 3712
4336 3554
4337 3549
4343 3771
4347 3245
4350 3752
4351 3501
4360 3602
4362 3189
4364 4299
4365 4272
4366 4246
4368 4136
4369 4053
4371 4039
4373 3959
4374 3516
4376 3346
4377 4072
4380 4008
4381 3995
4382 3985
4384 3654
4386 3356
4387 3302
4389 4254
4390 3702
4391 3555
4393 4242
4394 4212
4395 4083
4396 3729
4400 3595
4401 3470
4402 3339
4403 3303
4407 4295
4408 4197
4410 4188
4411 3689
4413 3357
4416 4319
4417 4112
4419 3556
4421 3391
4422 4098
4423 4084
4426 4177
4427 3909
4431 4362
4432 4338
4434 3713
4435 3510
4440 4018
4441 3878
4444 3238
4446 4300
4449 3487
4451 4189
4452 4171
4455 3563
4456 4251
4459 4232
4460 4162
4464 3493
4467 3284
4470 4301
4472 3996
4474 3397
4475 3358
4477 3351
4479 4290
4480 4225
4481 4163
4484 3647
4485 4363
4489 3294
4493 3967
4494 3385
4495 4109
4497 3471
4501 3314
4502 4105
4507 4302
4510 4147
4517 4129
4518 3942
4524 3374


IMG02.JPG IMG04.JPG
0 0
1 1
2 19
3 15
4 16
6 11
7 13
8 12
9 7
10 2
11 17
12 18
15 3
16 8
17 9
18 4
19 5
20 6
21 29
22 31
26 27
28 41
29 28
30 26
31 22
32 23
33 49
34 14
35 54
36 32
39 25
40 20
41 33
44 60
46 43
47 30
48 21
49 76
50 67
51 61
52 63
55 95
58 64
59 65
61 56
65 62
66 51
68 52
69 85
71 119
72 71
73 57
75 44
76 38
77 39
78 34
79 45
81 126
82 46
85 133
86 53
87 40
88 243
90 240
91 111
92 103
93 104
95 249
96 140
97 120
98 108
100 135
102 101
103 77
105 102
106 86
107 83
113 256
114 68
116 105
118 257
119 178
120 146
121 90
122 78
124 287
125 267
126 91
127 74
128 292
129 275
133 127
138 147
139 58
140 192
141 179
142 112
143 113
144 138
145 79
147 284
148 130
149 114
151 215
154 193
156 116
160 187
162 306
163 301
165 293
166 199
167 182
168 96
169 128
170 87
172 205
173 92
176 332
177 336
178 307
180 258
181 235
182 186
183 81
184 311
185 210
187 131
188 345
189 337
190 308
192 194
193 180
194 161
195 338
197 276
198 183
199 326
200 231
201 236
202 226
203 155
204 121
205 93
207 277
209 211
210 162
212 346
213 288
214 97
215 88
219 350
221 250
222 221
223 141
224 122
229 370
230 268
231 269
232 237
234 251
237 312
238 295
239 123
240 106
241 107
245 354
249 169
250 170
252 134
253 129
255 361
257 313
258 302
260 167
261 142
262 156
263 152
265 387
269 404
271 309
272 294
273 285
274 166
276 157
277 144
278 48
281 417
282 399
284 171
285 416
287 407
288 408
291 378
292 314
294 196
295 132
296 59
298 418
300 394
313 431
314 181
315 150
316 153
317 388
318 395
320 189
321 172
324 98
325 82
327 425
329 409
330 351
331 355
332 217
334 459
336 419
337 400
339 100
341 410
342 200
347 202
350 477
352 436
353 357
355 124
357 420
359 358
363 227
364 198
365 115
366 118
369 437
371 379
372 245
374 486
375 487
377 460
379 432
380 145
386 380
387 246
388 206
389 151
390 159
392 495
396 468
397 462
398 463
399 507
400 479
401 461
403 448
405 173
406 154
411 163
413 208
417 524
418 480
419 454
420 452
422 185
425 516
427 496
429 212
434 499
437 270
442 469
443 191
444 174
446 525
448 233
449 203
450 526
452 504
455 290
456 213
463 176
466 500
467 443
468 439
469 280
477 247
478 219
483 517
487 228
490 505
491 254
493 271
495 568
496 556
497 577
498 564
500 225
503 537
504 534
505 497
507 322
510 281
511 272
512 248
514 538
515 539
518 470
519 286
520 241
521 328
524 586
525 557
526 553
530 340
531 273
532 234
534 506
536 255
541 509
543 298
545 587
550 626
553 603
556 325
557 299
558 282
562 627
563 508
564 315
565 291
566 264
567 266
568 565
569 540
570 349
571 604
574 305
576 588
577 589
578 381
579 635
581 617
584 374
585 317
592 318
593 300
594 648
595 375
597 583
599 341
603 618
604 590
605 619
608 342
611 344
615 382
616 359
618 356
619 363
620 335
622 674
623 598
624 422
625 411
627 353
629 641
633 675
634 661
636 330
639 628
640 396
644 664
645 605
647 403
649 654
650 401
658 440
659 412
660 390
661 391
664 676
665 649
666 643
670 655
672 423
675 697
677 414
678 377
681 665
682 650
684 464
686 434
688 427
691 708
695 687
697 472
698 733
699 698
701 444
702 424
705 734
706 709
707 716
708 686
709 677
710 656
711 702
718 445
723 680
724 735
726 688
727 520
728 473
729 474
730 447
733 747
734 736
735 737
737 519
738 488
739 428
742 767
743 754
747 717
748 711
749 449
753 785
754 777
757 541
759 521
760 510
761 511
764 759
769 501
774 512
776 548
781 794
782 786
783 776
785 748
786 550
787 528
789 787
791 760
793 579
798 599
800 542
803 821
806 804
807 796
808 761
810 795
815 558
820 756
821 552
822 544
823 545
828 797
830 824
835 630
836 581
837 566
840 830
841 815
844 560
848 853
849 855
852 816
853 606
857 848
858 608
861 861
863 662
866 860
869 631
870 609
874 831
878 854
881 872
884 862
887 667
889 832
894 849
896 856
898 877
899 878
904 659
905 660
907 879
909 681
910 670
913 915
916 910
919 699
920 682
927 873
928 927
929 917
930 911
931 918
934 919
937 912
938 683
940 896
941 704
943 928
944 902
948 739
950 726
954 723
956 958
958 937
959 913
961 740
962 933
970 959
975 770
976 763
977 764
978 749
980 932
981 791
982 771
983 765
988 947
989 948
990 949
991 772
992 964
994 965
995 960
996 923
999 961
1003 780
1005 995
1006 943
1008 983
1009 966
1011 962
1012 806
1015 984
1016 974
1017 838
1018 807
1019 792
1022 996
1023 997
1024 998
1025 976
1028 944
1030 845
1031 823
1034 1005
1035 828
1036 818
1037 800
1038 819
1039 811
1040 812
1041 874
1051 869
1057 1000
1058 1003
1059 985
1060 875
1063 986
1068 876
1069 865
1071 1045
1072 1046
1073 1024
1077 1059
1078 1048
1079 1049
1081 888
1083 1058
1087 1047
1089 1050
1090 1035
1091 1036
1094 898
1096 889
1097 891
1099 1051
1100 1037
1101 1038
1103 914
1104 1060
1105 1052
1106 1054
1109 907
1110 1061
1116 1066
1117 1062
1118 955
1121 1079
1122 1080
1123 1070
1124 1081
1125 939
1126 956
1129 1086
1131 940
1134 1096
1137 980
1141 1099
1142 1106
1143 1094
1144 968
1146 1120
1148 987
1149 979
1150 988
1151 981
1152 1119
1153 1107
1165 1141
1167 1110
1168 1135
1170 1112
1173 1026
1174 1022
1175 1136
1176 1123
1178 1031
1179 1020
1180 991
1182 1132
1183 1124
1184 1033
1185 1021
1186 1143
1187 1155
1188 1122
1192 1142
1193 1176
1195 1087
1198 1162
1199 1072
1200 1173
1202 1091
1205 1183
1207 1102
1210 1103
1214 1195
1215 1196
1217 1104
1221 1125
1222 1127
1224 1105
1227 1198
1228 1220
1231 1199
1233 1219
1234 1222
1235 1223
1237 1137
1240 1208
1241 1210
1242 1231
1243 1126
1246 1230
1249 1148
1253 1286
1255 1149
1256 1178
1258 1242
1259 1238
1260 1239
1265 1237
1273 1186
1277 1309
1279 1185
1284 1192
1285 1285
1287 1224
1288 1215
1289 1193
1293 1281
1294 1316
1299 1191
1300 1269
1301 1315
1307 1225
1308 1226
1310 1268
1313 1304
1314 1296
1315 1282
1317 1325
1320 1337
1323 1250
1324 1324
1326 1258
1327 1249
1329 1295
1336 1312
1338 1322
1340 1273
1343 1330
1344 1352
1352 1360
1354 1374
1357 1278
1359 1344
1360 1398
1361 1395
1363 1318
1364 1334
1366 1328
1368 1399
1371 1317
1372 1319
1374 1350
1375 1343
1383 1342
1385 1386
1392 1349
1397 1365
1398 1338
1399 1348
1401 1369
1402 1393
1403 1412
1412 1367
1415 1359
1416 1443
1417 1488
1418 1491
1425 1383
1426 1384
1430 1382
1431 1449
1432 1450
1433 1462
1434 1465
1441 1376
1442 1355
1444 1461
1455 1375
1456 1401
1458 1478
1460 1518
1466 1513
1472 1415
1474 1420
1476 1440
1482 1431
1486 1421
1487 1447
1493 1436
1494 1438
1495 1439
1497 1475
1498 1512
1502 1453
1503 1503
1504 1466
1505 1434
1506 1435
1509 1456
1510 1446
1511 1472
1513 1473
1515 1533
1516 1557
1517 1558
1520 1502
1522 1494
1523 1433
1524 1457
1525 1532
1527 1559
1528 1570
1529 1561
1530 1562
1534 1493
1535 1484
1536 1541
1537 1556
1538 1542
1539 1543
1540 1572
1541 1573
1543 1492
1544 1504
1546 1594
1550 1520
1552 1555
1553 1540
1571 1534
1573 1564
1576 1615
1577 1604
1578 1638
1579 1659
1586 1565
1588 1627
1589 1628
1595 1483
1596 1505
1598 1668
1600 1529
1602 1506
1603 1498
1604 1516
1605 1592
1607 1582
1609 1515
1610 1613
1611 1684
1619 1654
1620 1637
1621 1678
1622 1679
1623 1682
1629 1596
1630 1617
1633 1653
1638 1606
1641 1652
1642 1663
1643 1665
1645 1680
1646 1699
1647 1742
1652 1629
1653 1641
1654 1642
1656 1578
1657 1600
1659 1720
1666 1601
1667 1651
1668 1764
1670 1741
1683 1685
1684 1686
1685 1694
1687 1577
1688 1677
1689 1783
1694 1763
1695 1785
1703 1589
1705 1762
1706 1778
1707 1779
1708 1780
1709 1825
1711 1827
1715 1703
1716 1704
1720 1781
1721 1826
1727 1726
1729 1597
1730 1733
1732 1761
1734 1859
1735 1852
1736 1860
1740 1598
1742 1611
1743 1635
1745 1636
1746 1734
1747 1735
1748 1757
1749 1851
1752 1744
1753 1766
1755 1755
1756 1756
1757 1758
1758 1846
1760 1847
1765 1745
1768 1624
1769 1692
1770 1777
1771 1866
1772 1878
1779 1634
1788 1649
1790 1732
1791 1817
1795 1876
1796 1886
1806 1899
1807 1900
1809 1918
1817 1838
1819 1676
1820 1845
1821 1912
1825 1839
1828 1688
1829 1708
1830 1898
1831 1921
1834 1867
1836 1868
1847 1775
1848 1776
1849 1844
1851 1937
1852 1938
1855 1675
1856 1773
1857 1794
1858 1910
1865 1697
1868 1792
1870 1951
1872 1960
1873 1961
1882 1772
1883 1864
1891 1919
1892 1730
1893 1793
1894 1950
1895 1985
1901 1807
1902 1909
1906 1955
1908 1983
1909 1984
1915 1729
1916 1894
1917 1949
1918 1968
1919 1956
1920 1970
1921 2028
1925 1806
1926 1969
1927 1972
1928 2009
1930 2010
1931 1977
1939 1803
1942 2027
1943 2042
1945 1978
1947 1873
1948 1932
1949 2026
1951 2016
1953 2052
1954 2053
1959 1753
1960 1815
1961 2015
1962 2065
1971 1986
1972 1988
1973 1989
1975 1799
1976 1801
1977 1816
1979 2087
1980 2076
1986 2017
1988 1822
1989 1843
1990 1967
1992 2077
2001 1814
2003 2057
2008 2029
2012 1834
2013 1842
2014 1823
2015 1890
2016 1981
2024 1835
2025 2049
2028 1888
2029 2106
2030 2116
2032 2066
2033 2004
2035 2005
2036 2114
2037 2132
2038 2117
2042 1833
2045 2039
2046 1931
2047 2115
2049 2131
2050 2149
2054 2078
2056 1856
2058 2038
2059 2086
2060 2097
2061 2112
2062 2130
2063 2139
2064 2140
2065 2191
2067 2157
2071 2000
2072 2037
2073 2129
2086 2118
2088 1880
2089 1920
2096 1905
2098 1928
2100 2138
2102 2213
2103 2158
2107 1979
2109 2202
2110 2203
2119 1904
2120 1924
2121 1929
2122 2214
2125 2192
2127 1887
2129 2094
2136 2217
2137 1903
2138 1916
2140 2200
2142 2275
2148 2102
2154 1927
2155 2128
2156 2178
2157 2272
2158 2274
2159 2286
2160 2321
2161 2311
2166 1997
2167 1998
2169 2271
2170 2285
2171 2225
2178 1914
2181 1945
2183 2127
2184 2310
2188 2226
2191 1953
2193 2267
2194 2283
2195 2284
2200 2270
2201 2309
2207 2287
2210 2058
2211 2137
2215 2298
2218 2035
2222 2199
2223 2234
2224 2346
2225 2325
2233 1996
2236 2233
2238 2373
2241 2047
2242 2296
2243 2345
2245 2348
2246 2360
2247 2361
2249 2395
2257 2363
2259 2081
2260 2188
2261 2198
2262 2231
2263 2320
2264 2394
2269 2397
2272 1995
2273 2007
2274 2393
2275 2426
2279 2021
2280 2415
2285 2020
2286 2022
2287 2045
2288 2125
2289 2263
2290 2253
2291 2264
2292 2342
2293 2343
2299 2034
2301 2251
2302 2252
2303 2265
2304 2279
2306 2295
2307 2318
2313 2073
2314 2262
2315 2392
2317 2384
2321 2416
2323 2239
2325 2407
2326 2446
2328 2467
2331 2080
2332 2391
2333 2494
2339 2427
2341 2033
2342 2072
2343 2390
2350 2154
2359 2070
2361 2092
2362 2465
2366 2071
2367 2108
2368 2124
2369 2162
2370 2340
2372 2369
2377 2207
2378 2208
2380 2209
2382 2222
2384 2443
2385 2493
2387 2503
2388 2504
2390 2091
2391 2123
2392 2476
2393 2486
2396 2079
2397 2403
2400 2414
2401 2404
2404 2444
2405 2502
2406 2528
2408 2182
2409 2499
2410 2500
2411 2519
2416 2495
2417 2555
2418 2121
2419 2501
2420 2553
2424 2135
2425 2136
2427 2143
2431 2603
2432 2630
2436 2561
2437 2606
2438 2607
2443 2122
2447 2413
2448 2424
2457 2485
2463 2292
2464 2618
2469 2584
2470 2620
2472 2142
2474 2691
2478 2527
2482 2206
2483 2277
2486 2461
2487 2462
2489 2463
2490 2474
2491 2581
2492 2602
2493 2617
2494 2571
2495 2583
2496 2690
2503 2337
2504 2442
2506 2549
2507 2601
2509 2669
2511 2670
2512 2679
2513 2161
2514 2276
2516 2515
2517 2516
2518 2517
2519 2518
2521 2526
2524 2678
2526 2172
2530 2651
2534 2230
2535 2248
2536 2304
2537 2570
2538 2616
2543 2715
2545 2171
2546 2229
2547 2259
2549 2667
2550 2689
2558 2237
2559 2389
2562 2713
2565 2742
2571 2764
2573 2227
2574 2228
2576 2381
2584 2714
2591 2291
2595 2560
2597 2711
2598 2712
2602 2787
2604 2569
2605 2729
2606 2774
2611 2439
2612 2579
2613 2629
2614 2786
2619 2568
2620 2688
2621 2728
2625 2835
2630 2567
2631 2615
2636 2302
2638 2355
2639 2379
2640 2430
2641 2455
2642 2456
2645 2761
2646 2784
2647 2785
2648 2762
2649 2814
2650 2826
2655 2303
2656 2640
2657 2703
2658 2813
2662 2827
2663 2365
2664 2664
2665 2722
2670 2834
2671 2412
2672 2639
2673 2687
2674 2825
2680 2336
2684 2804
2691 2490
2692 2512
2694 2868
2695 2890
2697 2323
2698 2324
2699 2648
2700 2720
2704 2877
2705 2922
2707 2388
2708 2751
2709 2857
2714 2907
2715 2935
2717 2335
2718 2354
2719 2422
2720 2709
2722 2400
2723 2758
2724 2794
2725 2803
2728 2332
2729 2333
2731 2378
2732 2387
2735 2566
2736 2710
2737 2331
2739 2377
2740 2411
2741 2740
2743 2889
2750 2727
2752 2757
2753 2741
2754 2849
2756 2898
2757 2906
2760 2990
2761 2386
2762 2782
2764 2905
2767 2988
2770 2596
2771 2598
2772 2792
2773 2793
2776 2971
2778 2626
2779 2920
2781 2921
2782 2428
2783 2472
2784 2481
2785 2489
2786 2538
2787 2773
2788 2866
2790 2957
2794 2510
2797 2913
2800 2987
2802 3019
2807 2980
2808 2594
2809 2595
2810 2625
2811 2802
2816 2593
2817 2686
2818 2739
2824 2781
2825 2841
2826 2969
2829 2480
2830 3036
2832 2479
2833 2700
2834 2685
2835 3035
2839 2454
2840 2660
2841 2756
2846 2590
2849 2840
2853 3026
2854 3095
2857 3087
2859 2453
2863 2589
2864 2986
2868 3080
2870 3078
2871 3086
2872 2565
2873 2749
2874 3018
2878 2537
2880 2985
2882 3079
2892 2576
2897 2530
2899 2800
2905 2999
2906 3054
2907 3126
2912 2644
2913 3033
2914 3034
2917 3189
2919 2755
2920 2799
2924 3173
2928 2564
2929 2636
2931 2657
2932 2771
2935 2861
2937 3125
2939 2545
2940 2546
2941 2547
2944 2904
2945 3063
2946 3115
2947 3124
2948 3193
2949 3183
2951 3227
2952 2575
2953 2735
2954 2839
2955 2919
2956 3182
2959 2588
2962 2929
2964 3114
2965 3157
2967 2624
2968 2635
2970 2847
2973 2903
2980 3226
2982 2708
2988 2563
2989 2699
2993 2811
2994 2895
2999 2822
3000 2954
3001 2984
3002 3098
3003 3213
3004 3277
3008 3298
3009 3324
3011 2655
3013 2780
3014 2910
3016 2966
3022 3276
3023 3289
3026 2656
3030 3262
3031 3306
3035 2698
3038 3383
3039 3384
3044 2875
3048 3370
3050 2790
3051 2846
3053 3052
3055 3343
3056 3368
3057 3369
3060 2697
3064 3053
3065 3296
3066 3297
3070 2696
3072 2909
3073 3051
3075 3288
3078 3357
3079 2707
3081 3163
3083 3287
3085 2718
3088 2748
3089 2886
3090 3013
3091 3060
3092 3225
3093 3285
3094 3361
3096 3356
3098 2717
3102 3024
3105 3355
3106 3395
3107 3403
3108 3443
3109 2821
3110 2831
3111 3059
3112 3061
3113 3274
3114 3367
3119 2779
3120 2845
3121 2965
3124 3235
3125 3252
3126 3261
3128 3463
3132 3094
3134 3414
3135 3462
3138 2902
3140 3093
3141 3413
3148 3434
3153 3399
3155 2798
3156 2830
3158 2874
3160 3382
3164 2829
3165 2837
3167 2943
3168 2996
3169 3057
3170 3394
3173 2789
3175 3109
3176 3121
3179 2777
3180 2778
3182 2918
3184 3251
3185 3450
3187 3472
3188 3543
3189 2844
3190 3011
3191 3161
3192 3162
3196 3050
3197 3108
3199 3491
3200 3477
3201 3493
3204 3106
3208 2953
3209 3181
3210 3342
3211 2873
3212 3311
3213 3460
3214 3482
3217 3542
3219 2872
3220 2893
3227 3514
3230 2883
3231 3180
3232 3188
3234 3562
3235 3622
3237 3056
3238 3555
3245 3322
3246 3592
3248 3135
3249 3310
3253 2870
3254 2901
3255 3156
3256 3150
3257 3476
3260 3500
3262 3572
3267 3186
3270 3607
3276 3171
3277 3283
3278 3412
3281 3075
3282 3398
3283 3448
3287 2882
3289 2973
3290 3003
3294 2900
3295 2964
3296 2952
3298 3134
3299 3432
3300 3442
3301 3533
3306 3209
3308 3219
3309 3273
3310 3282
3311 3260
3313 3650
3316 3143
3317 3210
3318 3243
3319 3233
3321 3489
3323 3606
3324 3643
3325 3701
3328 3229
3330 3490
3331 2962
3333 2963
3334 3022
3335 3334
3338 3661
3339 2951
3341 3170
3342 3224
3343 3333
3345 3541
3350 3105
3352 3332
3355 3752
3357 3030
3358 3295
3361 3649
3362 2950
3364 3091
3365 3232
3367 3441
3368 3511
3374 3613
3376 3711
3382 3257
3383 3488
3385 3581
3387 3635
3390 2961
3391 3242
3393 3431
3394 3554
3395 3582
3398 3010
3399 3074
3401 3149
3402 3520
3404 3510
3405 3521
3411 3021
3413 3366
3414 3439
3415 3700
3417 3743
3420 3043
3421 3044
3422 3190
3426 3605
3431 3049
3433 3073
3434 3241
3435 3438
3436 3837
3438 3009
3439 3430
3443 3798
3445 3553
3449 3104
3450 3309
3451 3320
3457 3131
3458 3132
3459 3561
3460 3656
3461 3742
3465 3531
3466 3552
3467 3571
3473 3112
3477 3178
3478 3240
3479 3281
3480 3410
3482 3530
3484 3796
3488 3072
3489 3096
3490 3111
3491 3168
3493 3231
3494 3365
3496 3579
3499 3720
3500 3834
3501 3835
3502 3849
3503 3294
3504 3604
3505 3620
3506 3660
3508 3856
3511 3487
3512 3540
3516 3812
3517 3833
3519 3888
3520 3902
3521 3909
3522 3910
3523 3921
3528 3120
3530 3628
3531 3680
3532 3769
3534 3897
3537 3130
3538 3459
3539 3509
3540 3710
3541 3719
3543 3795
3546 3341
3547 3810
3551 3154
3552 3570
3554 3634
3557 3920
3560 3177
3562 3270
3563 3293
3564 3551
3565 3577
3566 3779
3569 3119
3572 3198
3575 3578
3576 3603
3577 3642
3578 3749
3580 3860
3583 3429
3585 3658
3586 3691
3587 3750
3589 3822
3592 3256
3596 3458
3599 3268
3600 3331
3601 3437
3603 3968
3605 3141
3606 3250
3607 3392
3609 3508
3613 3160
3614 3249
3615 3539
3617 3732
3619 3791
3620 3831
3622 3409
3624 3519
3625 3576
3626 3785
3631 3148
3633 3498
3635 3699
3636 3176
3643 3908
3649 3340
3655 3206
3656 3207
3657 3360
3658 3632
3659 3633
3661 3679
3662 3718
3663 3768
3665 3196
3666 3239
3673 3820
3678 3618
3679 4003
3680 3248
3682 3353
3683 3841
3684 3854
3690 3760
3691 3932
3692 3965
3695 3238
3696 3402
3699 3754
3701 3895
3702 3901
3707 3435
3708 3436
3709 3717
3710 3894
3712 3979
3714 4028
3715 3217
3718 3887
3719 3947
3720 3948
3721 3964
3722 3986
3723 4061
3724 3318
3729 3485
3730 3550
3731 3686
3734 3237
3738 3421
3739 3809
3741 4058
3742 3247
3746 3731
3747 3759
3751 3317
3752 3352
3755 3853
3757 4034
3759 3267
3760 3364
3761 3401
3762 3428
3768 3648
3769 3963
3771 3708
3775 3329
3776 3408
3777 3446
3778 3518
3779 3727
3785 4101
3788 3330
3790 3716
3791 3939
3796 3875
3797 3907
3798 3961
3800 3973
3801 3974
3803 3995
3808 3302
3809 3338
3810 3339
3811 3376
3812 3407
3813 3596
3814 3767
3818 3350
3819 3327
3820 3375
3821 3529
3823 4134
3826 3390
3833 3374
3834 3590
3835 3852
3837 4070
3845 4009
3848 3655
3851 4124
3852 4133
3854 3389
3855 3994
3856 3496
3858 3617
3860 4157
3862 3427
3863 3495
3869 3569
3870 4110
3872 3484
3875 3758
3878 3420
3879 3456
3884 3426
3885 3602
3887 3494
3888 3567
3889 3778
3891 4033
3892 4062
3893 4067
3894 4099
3900 3388
3901 3955
3902 3978
3903 4021
3909 3425
3912 3517
3913 4181
3914 3468
3917 3654
3918 4129
3919 4132
3920 4173
3924 3626
3925 3918
3928 3646
3929 3707
3931 3830
3934 4191
3936 3610
3939 4057
3941 4149
3942 4222
3943 4223
3944 4234
3949 4120
3952 3538
3953 3674
3955 4221
3957 3474
3958 3516
3961 4128
3964 3588
3965 4048
3966 4152
3967 4190
3968 4233
3970 3685
3971 4054
3975 3595
3976 3747
3980 3549
3981 3741
3982 3807
3984 3455
3986 3515
3988 3528
3990 3673
3993 3527
3994 3594
4002 3505
4003 3506
4005 3565
4006 3601
4008 4020
4011 4186
4013 4203
4019 3587
4026 4189
4028 4213
4031 3766
4033 4007
4034 4165
4037 3714
4039 3806
4040 4119
4041 4164
4044 4268
4048 3698
4052 4019
4053 4108
4057 4282
4060 3706
4062 3740
4063 4086
4064 4091
4065 4137
4068 3738
4069 4006
4070 4293
4071 3548
4072 3697
4073 3765
4074 4066
4075 4228
4078 4250
4081 3829
4085 3600
4087 4098
4097 3859
4098 3873
4099 3885
4101 4329
4102 3599
4103 3616
4105 4053
4108 3764
4110 3960
4115 3777
4116 3917
4117 4144
4118 4168
4119 4180
4126 3746
4127 3848
4128 3877
4129 4000
4131 4341
4132 3684
4133 3745
4135 4014
4136 4257
4141 3672
4142 3763
4143 3808
4144 3846
4145 3847
4147 3972
4148 4045
4149 4085
4152 4318
4153 4025
4154 4030
4157 4232
4158 4254
4161 3640
4164 3828
4166 4072
4170 3666
4171 4127
4173 4097
4179 3893
4181 4155
4183 3625
4184 3639
4186 3793
4187 3818
4189 3984
4192 3801
4193 3916
4194 3688
4196 3730
4197 3803
4201 3851
4206 3872
4209 4338
4211 3899
4212 3915
4213 3971
4216 3671
4217 3906
4225 4187
4226 4188
4229 3784
4231 4143
4236 3827
4237 3845
4239 3904
4240 3954
4243 3863
4244 3905
4245 4042
4248 4139
4258 3959
4259 3999
4260 4013
4266 3696
4267 3705
4268 3990
4269 4178
4270 4263
4275 3862
4277 4040
4281 4238
4289 3788
4291 4226
4292 4237
4294 4032
4295 4065
4297 4148
4302 3914
4304 4217
4309 3762
4311 3892
4312 3941
4313 4002
4327 4012
4330 3826
4331 3989
4332 4083
4333 4090
4336 4201
4339 4089
4342 3871
4343 4064
4348 3870
4349 3993
4350 4082
4351 4287
4353 3840
4357 3884
4358 3891
4359 4123
4360 4184
4365 3792
4367 3844
4370 3940
4371 3958
4373 3998
4374 4267
4375 4271
4381 3988
4383 4147
4385 4276
4388 3825
4390 4136
4391 4251
4394 3869
4395 3946
4396 4126
4400 4231
4407 3816
4410 3890
4411 4163
4414 3787
4417 3945
4420 4337
4422 3967
4424 4212
4426 3934
4427 4056
4433 3923
4434 4162
4440 4027
4441 4088
4442 4172
4446 3883
4448 4317
4451 3944
4452 3952
4453 4095
4456 3928
4457 4321
4459 3929
4463 4269
4470 3913
4471 3922
4481 3983
4485 3882
4487 4320
4495 4011
4502 4039
4504 4327
4509 3982
4510 4016
4511 3876
4514 3936
4515 3951
4516 3970
4517 4017
4518 4107
4519 4177


IMG03.JPG IMG04.JPG
1 19
2 16
4 41
6 17
7 256
9 31
10 18
12 13
14 12
15 257
16 54
17 11
19 7
21 267
24 9
25 2
26 95
28 76
29 27
30 28
31 275
32 26
33 4
35 60
36 284
37 5
41 70
42 23
43 306
44 140
45 133
46 337
48 126
50 67
51 61
52 32
53 307
54 301
55 135
56 119
59 33
60 338
64 14
66 311
67 192
68 85
69 64
71 89
75 293
76 215
77 120
79 43
80 30
81 111
82 62
83 56
84 331
85 179
86 326
88 308
89 146
90 24
92 288
93 276
94 258
95 104
98 277
101 235
102 193
103 57
104 350
106 35
108 205
109 147
110 295
113 364
114 38
115 361
118 231
119 199
120 127
121 105
122 83
123 46
124 45
125 399
126 354
128 313
129 207
130 34
131 394
133 250
134 302
135 236
136 164
137 36
138 388
141 226
143 187
144 371
146 238
147 112
149 309
150 237
151 78
154 395
158 268
159 114
161 183
166 378
167 216
168 419
169 314
173 365
174 355
175 116
177 410
178 420
179 303
180 74
181 79
183 400
185 294
186 155
187 58
190 348
191 128
192 436
193 351
195 409
199 468
202 131
203 96
204 421
207 72
209 479
210 461
211 462
215 437
216 432
218 162
219 121
223 81
224 454
226 169
227 141
228 122
230 481
233 480
236 496
237 452
240 97
241 88
242 448
243 167
244 157
245 537
246 469
253 134
257 107
258 500
263 143
264 144
265 505
268 517
269 443
270 534
271 189
272 553
273 539
275 518
278 217
279 168
280 149
286 597
287 578
291 227
292 153
296 200
297 202
302 506
305 245
308 587
312 604
314 508
315 565
317 246
319 588
320 589
322 540
324 206
325 617
330 618
333 48
336 82
338 259
339 253
342 208
345 109
346 98
347 583
349 124
351 641
353 619
354 279
359 642
360 623
362 151
364 304
365 280
368 212
370 650
371 605
372 117
373 676
374 664
375 665
376 296
379 643
381 209
382 139
384 190
386 228
392 702
395 655
398 174
399 679
402 213
403 203
407 579
409 426
410 224
411 735
412 686
415 373
418 398
419 374
420 698
421 381
424 708
425 716
428 247
429 175
430 734
431 717
434 272
435 248
436 229
440 745
441 375
442 711
443 411
448 737
451 325
460 760
462 349
463 315
464 264
470 746
472 298
476 759
477 282
478 273
479 777
485 755
486 748
487 783
488 464
490 440
491 360
492 274
493 798
495 471
504 788
508 342
512 786
513 796
514 406
516 382
517 329
518 519
519 401
527 787
531 376
532 396
535 794
538 797
539 520
541 391
543 816
549 434
555 795
557 831
559 541
560 415
567 386
574 841
579 570
582 446
584 830
590 599
591 667
595 825
596 848
600 488
601 475
606 449
607 424
610 867
617 511
621 501
624 528
628 872
629 878
630 662
631 550
633 861
646 559
647 543
652 558
653 896
658 690
661 606
663 902
670 560
671 566
678 585
687 911
693 927
698 630
700 758
701 638
705 928
709 670
717 699
721 947
742 961
747 845
748 822
751 682
757 806
758 683
760 959
764 691
771 964
772 937
776 770
777 749
782 1005
787 874
788 771
789 807
792 965
798 999
809 800
816 828
817 811
822 838
825 823
831 996
836 952
843 953
853 888
854 890
855 812
858 1036
862 876
869 865
879 940
884 987
885 924
892 1048
893 1050
895 1051
901 1059
903 1047
904 1060
910 1086
911 1080
918 981
925 1061
927 1110
937 1101
938 991
944 1143
963 989
964 990
971 1020
972 1021
992 1102
994 1063
998 1120
999 1106
1009 1073
1010 1090
1028 1196
1034 1091
1040 1119
1043 1224
1046 1141
1047 1199
1051 1104
1058 1480
1065 1256
1067 1149
1084 1132
1090 1257
1091 1150
1095 1195
1117 1225
1123 1250
1125 1208
1126 1240
1130 1226
1174 1365
1176 1289
1220 1237
1224 1489
1225 1377
1226 1317
1231 1281
1236 1338
1240 1230
1246 1453
1251 1351
1268 1242
1270 1369
1277 1238
1283 1492
1285 1366
1288 1385
1290 1762
1295 1402
1314 1780
1317 1501
1332 1878
1335 1494
1351 1534
1357 1669
1361 1441
1370 1671
1403 1617
1410 1440
1413 1636
1422 1642
1427 1328
1466 1457
1475 1349
1483 1348
1484 1368
1494 1949
1500 1786
1501 1766
1513 1382
1523 1838
1524 1867
1556 1446
1557 1711
1572 1436
1578 1962
1579 1919
1595 1435
1613 1434
1614 1571
1628 1797
1651 2149
1653 2118
1654 2066
1661 1498
1673 1515
1678 1505
1709 1506
1755 1577
1770 2297
1777 2296
1781 2363
1783 1623
1784 1624
1785 1611
1787 2267
1791 2349
1810 2003
1821 2343
1825 2397
1840 1689
1845 2392
1856 1649
1865 2416
1879 1697
1880 1634
1881 1688
1883 1698
1933 2555
1938 2493
1953 2607
1985 2670
1991 2582
1992 2704
1993 2764
2008 2651
2022 2550
2050 2714
2058 2155
2067 1801
2068 1814
2069 1834
2084 1799
2088 2826
2089 2827
2093 1754
2094 1800
2107 2774
2109 2814
2115 1833
2116 2989
2139 2957
2144 1856
2147 2868
2153 1905
2156 2971
2161 2876
2167 1927
2172 3019
2195 2729
2196 2906
2201 1904
2217 1916
2218 2905
2224 1945
2232 1887
2235 2921
2248 2920
2258 3036
2259 2890
2260 3227
2272 2803
2275 3095
2285 3173
2293 2785
2294 3035
2295 3087
2331 2007
2332 2022
2334 3026
2335 3078
2339 3370
2345 3183
2355 2021
2357 3126
2359 3277
2367 3193
2369 3462
2374 2072
2375 2514
2379 3355
2380 3275
2385 2020
2386 3182
2405 2913
2406 3125
2419 3414
2427 3157
2432 3115
2433 3124
2434 3262
2443 3404
2450 2070
2451 2071
2453 3114
2462 2143
2471 2136
2474 3213
2475 3297
2492 2122
2493 3288
2494 3361
2499 2135
2501 3592
2513 3286
2523 3677
2532 3477
2539 2142
2542 3399
2543 3450
2551 3543
2564 2756
2574 2237
2578 3274
2589 2229
2594 3261
2595 3335
2596 3382
2603 2824
2604 2855
2606 3491
2610 3252
2620 2228
2632 3235
2634 3460
2637 2227
2639 3514
2643 3621
2661 3650
2673 2303
2686 2302
2688 2929
2690 3342
2693 3833
2696 3968
2709 2904
2712 3500
2714 3644
2722 3676
2727 3305
2728 3476
2729 3643
2735 2387
2736 2400
2744 3393
2745 3711
2748 2335
2749 2354
2750 2954
2751 2378
2753 2984
2755 3053
2756 3533
2757 3669
2759 4058
2770 2324
2771 2472
2775 2377
2777 3052
2778 3448
2779 3635
2782 4037
2792 3771
2793 3751
2797 2334
2798 3470
2799 3613
2800 3888
2807 3005
2808 3051
2809 3122
2810 3512
2812 3857
2819 2428
2820 2966
2821 3060
2823 4101
2828 3322
2830 3742
2831 3796
2832 3855
2839 3432
2840 3442
2842 4133
2846 2386
2848 3581
2851 3921
2856 2480
2857 3310
2858 3580
2868 2488
2869 3093
2872 3532
2873 3554
2874 3810
2883 3094
2890 3720
2891 3795
2903 2537
2905 3656
2908 4134
2910 3162
2911 3181
2912 3510
2913 3511
2924 3059
2927 3412
2928 3719
2929 4003
2935 3121
2936 3398
2937 3986
2944 3520
2945 3779
2949 3211
2952 3680
2953 3710
2954 3908
2956 4233
2963 4149
2968 2636
2969 3660
2972 2479
2975 4223
2978 3965
2979 3947
2980 4124
2986 2530
2987 2635
2991 4034
2993 2564
2994 3571
2995 3620
3001 2624
3002 3334
3006 3964
3010 2699
3013 3553
3014 3791
3015 4196
3023 3552
3024 3604
3025 3948
3032 2708
3033 3259
3034 3260
3035 3441
3037 3785
3043 3901
3051 3439
3053 3691
3054 3894
3056 4213
3063 3531
3073 3579
3074 3854
3079 4110
3086 2547
3091 2575
3092 2748
3093 3642
3094 3634
3095 3658
3096 3841
3102 3258
3103 3233
3105 3530
3106 3963
3107 3995
3121 2656
3122 2698
3123 3422
3124 3974
3133 3487
3134 3768
3136 4157
3137 4190
3141 3295
3142 3718
3144 4309
3145 4282
3158 4009
3164 3570
3165 3603
3166 3939
3170 3699
3178 4067
3179 4214
3183 2707
3187 4204
3195 2718
3198 4312
3199 4324
3202 3509
3203 3578
3204 4120
3208 2779
3210 3551
3215 2837
3219 3754
3220 4055
3225 2717
3232 3410
3234 3679
3235 3875
3236 4165
3242 2830
3250 2829
3251 3937
3261 2893
3262 3632
3265 4268
3269 2798
3270 3377
3271 4008
3279 2872
3280 3717
3288 2873
3289 3365
3290 3759
3301 4049
3302 4293
3307 4254
3312 3852
3313 4119
3317 2789
3319 3459
3320 3978
3326 2883
3327 3003
3328 3576
3344 3686
3345 3955
3349 2952
3350 3618
3354 3539
3363 2973
3371 2964
3372 4091
3378 3508
3379 3519
3381 2901
3383 3091
3385 4322
3390 3498
3396 4185
3400 2963
3418 3727
3420 4066
3421 4194
3429 4100
3430 4155
3436 2962
3438 3767
3444 4188
3452 3073
3457 4007
3458 4127
3462 3074
3463 3167
3483 3010
3484 3049
3485 3112
3486 3918
3491 3044
3492 4226
3493 4317
3495 3560
3498 3043
3499 3648
3505 3596
3506 3778
3509 4097
3514 4217
3515 4278
3523 4143
3527 3177
3531 3021
3543 3153
3544 3249
3546 3627
3548 4045
3554 4201
3555 4271
3560 3154
3565 3130
3569 3864
3575 4030
3583 3874
3584 3807
3586 3120
3588 4000
3590 3111
3594 3096
3595 4231
3608 3529
3609 3707
3610 4148
3617 3160
3618 3239
3638 3141
3640 3917
3643 4139
3658 3248
3661 3206
3662 3207
3663 3238
3664 3885
3671 3805
3682 3859
3687 3747
3688 3674
3694 3196
3695 3330
3696 3766
3697 3829
3701 3317
3705 3375
3713 4212
3716 3247
3717 3329
3721 3626
3722 3960
3727 3374
3728 3654
3729 4136
3733 3877
3735 4225
3737 3714
3738 3741
3746 3237
3749 3376
3751 4013
3758 3267
3762 3456
3769 3339
3771 4064
3776 3390
3777 3420
3784 3846
3785 4032
3788 3338
3789 3673
3790 3804
3794 3327
3804 3765
3805 3991
3814 3916
3815 3900
3819 3302
3820 3389
3830 3507
3835 3954
3841 3495
3842 3990
3845 4193
3848 3427
3850 3848
3851 3992
3852 4012
3861 3899
3867 3516
3868 3594
3873 3426
3874 3468
3876 3847
3877 4002
3878 4056
3885 3738
3889 3746
3891 3905
3892 3959
3908 3425
3909 4095
3910 4145
3911 4275
3916 3763
3923 3565
3924 3566
3925 3777
3927 3989
3930 3549
3931 3601
3936 4179
3937 4335
3941 3863
3942 4107
3943 4177
3945 4315
3951 3474
3952 3528
3958 3801
3959 3993
3961 3684
3962 3803
3977 3515
3979 3941
3980 4253
3985 3998
3993 3527
3994 3600
3995 3988
4004 3672
4006 3914
4009 4116
4017 3892
4022 3505
4023 3506
4025 3730
4038 3745
4039 3958
4046 3666
4049 3599
4050 3616
4053 3940
4057 4077
4083 3946
4084 3967
4109 4039
4112 3945
4121 3688
4124 3671
4125 3788
4126 3826
4129 4011
4136 3891
4148 4017
4161 3953
4163 3983
4171 3952
4178 3944
4180 4080
4181 4210
4189 3982
4197 3890
4198 4005
4207 3923
4211 3762
4212 3844
4215 4141
4220 4076
4225 3970
4242 3840
4251 3929
4254 3825
4255 4024
4257 4248
4262 4125
4263 4211
4279 3996
4281 4310
4282 4277
4289 3816
4300 3913
4301 3922
4303 3975
4362 3843
4363 3882
4366 4094


