4527 128
853.0 8.0 0.00 0.00
704.0 33.0 0.00 0.00
459.0 36.0 0.00 0.00
464.0 36.0 0.00 0.00
470.0 37.0 0.00 0.00
475.0 38.0 0.00 0.00
525.0 38.0 0.00 0.00
501.0 39.0 0.00 0.00
513.0 39.0 0.00 0.00
532.0 39.0 0.00 0.00
564.0 39.0 0.00 0.00
481.0 40.0 0.00 0.00
489.0 40.0 0.00 0.00
494.0 40.0 0.00 0.00
537.0 40.0 0.00 0.00
569.0 40.0 0.00 0.00
542.0 41.0 0.00 0.00
554.0 41.0 0.00 0.00
574.0 41.0 0.00 0.00
579.0 42.0 0.00 0.00
586.0 43.0 0.00 0.00
452.0 44.0 0.00 0.00
446.0 46.0 0.00 0.00
432.0 48.0 0.00 0.00
437.0 48.0 0.00 0.00
489.0 48.0 0.00 0.00
501.0 49.0 0.00 0.00
565.0 49.0 0.00 0.00
427.0 50.0 0.00 0.00
511.0 50.0 0.00 0.00
516.0 50.0 0.00 0.00
541.0 50.0 0.00 0.00
546.0 51.0 0.00 0.00
422.0 53.0 0.00 0.00
604.0 54.0 0.00 0.00
417.0 55.0 0.00 0.00
517.0 55.0 0.00 0.00
530.0 55.0 0.00 0.00
553.0 55.0 0.00 0.00
558.0 55.0 0.00 0.00
594.0 55.0 0.00 0.00
548.0 56.0 0.00 0.00
509.0 59.0 0.00 0.00
534.0 60.0 0.00 0.00
440.0 61.0 0.00 0.00
445.0 61.0 0.00 0.00
547.0 61.0 0.00 0.00
566.0 61.0 0.00 0.00
616.0 61.0 0.00 0.00
401.0 63.0 0.00 0.00
451.0 64.0 0.00 0.00
469.0 64.0 0.00 0.00
474.0 64.0 0.00 0.00
393.0 65.0 0.00 0.00
567.0 66.0 0.00 0.00
388.0 67.0 0.00 0.00
456.0 67.0 0.00 0.00
503.0 67.0 0.00 0.00
481.0 68.0 0.00 0.00
486.0 68.0 0.00 0.00
522.0 68.0 0.00 0.00
527.0 68.0 0.00 0.00
583.0 68.0 0.00 0.00
620.0 68.0 0.00 0.00
498.0 69.0 0.00 0.00
513.0 69.0 0.00 0.00
551.0 69.0 0.00 0.00
444.0 70.0 0.00 0.00
556.0 70.0 0.00 0.00
458.0 72.0 0.00 0.00
654.0 72.0 0.00 0.00
379.0 73.0 0.00 0.00
507.0 73.0 0.00 0.00
545.0 73.0 0.00 0.00
583.0 73.0 0.00 0.00
612.0 73.0 0.00 0.00
627.0 73.0 0.00 0.00
644.0 73.0 0.00 0.00
649.0 73.0 0.00 0.00
617.0 74.0 0.00 0.00
639.0 74.0 0.00 0.00
370.0 75.0 0.00 0.00
607.0 75.0 0.00 0.00
106.0 76.0 0.00 0.00
351.0 76.0 0.00 0.00
356.0 76.0 0.00 0.00
588.0 76.0 0.00 0.00
659.0 76.0 0.00 0.00
113.0 77.0 0.00 0.00
118.0 77.0 0.00 0.00
124.0 77.0 0.00 0.00
439.0 77.0 0.00 0.00
450.0 77.0 0.00 0.00
470.0 77.0 0.00 0.00
567.0 77.0 0.00 0.00
101.0 78.0 0.00 0.00
343.0 78.0 0.00 0.00
424.0 78.0 0.00 0.00
458.0 78.0 0.00 0.00
580.0 79.0 0.00 0.00
364.0 80.0 0.00 0.00
475.0 80.0 0.00 0.00
491.0 80.0 0.00 0.00
541.0 80.0 0.00 0.00
96.0 81.0 0.00 0.00
498.0 81.0 0.00 0.00
503.0 81.0 0.00 0.00
536.0 81.0 0.00 0.00
607.0 81.0 0.00 0.00
661.0 81.0 0.00 0.00
451.0 82.0 0.00 0.00
463.0 82.0 0.00 0.00
627.0 82.0 0.00 0.00
135.0 83.0 0.00 0.00
596.0 83.0 0.00 0.00
350.0 84.0 0.00 0.00
511.0 84.0 0.00 0.00
143.0 85.0 0.00 0.00
148.0 85.0 0.00 0.00
331.0 85.0 0.00 0.00
407.0 85.0 0.00 0.00
551.0 85.0 0.00 0.00
579.0 85.0 0.00 0.00
614.0 85.0 0.00 0.00
116.0 86.0 0.00 0.00
161.0 86.0 0.00 0.00
567.0 86.0 0.00 0.00
607.0 86.0 0.00 0.00
96.0 87.0 0.00 0.00
168.0 87.0 0.00 0.00
358.0 87.0 0.00 0.00
451.0 87.0 0.00 0.00
481.0 87.0 0.00 0.00
486.0 87.0 0.00 0.00
492.0 87.0 0.00 0.00
499.0 87.0 0.00 0.00
520.0 87.0 0.00 0.00
173.0 88.0 0.00 0.00
430.0 88.0 0.00 0.00
664.0 88.0 0.00 0.00
351.0 89.0 0.00 0.00
372.0 89.0 0.00 0.00
526.0 89.0 0.00 0.00
532.0 89.0 0.00 0.00
462.0 90.0 0.00 0.00
613.0 90.0 0.00 0.00
621.0 90.0 0.00 0.00
184.0 91.0 0.00 0.00
506.0 91.0 0.00 0.00
543.0 91.0 0.00 0.00
568.0 91.0 0.00 0.00
319.0 92.0 0.00 0.00
486.0 92.0 0.00 0.00
134.0 93.0 0.00 0.00
384.0 93.0 0.00 0.00
430.0 93.0 0.00 0.00
563.0 93.0 0.00 0.00
645.0 93.0 0.00 0.00
116.0 94.0 0.00 0.00
153.0 94.0 0.00 0.00
441.0 94.0 0.00 0.00
612.0 95.0 0.00 0.00
147.0 96.0 0.00 0.00
167.0 96.0 0.00 0.00
173.0 96.0 0.00 0.00
194.0 96.0 0.00 0.00
400.0 96.0 0.00 0.00
450.0 96.0 0.00 0.00
631.0 96.0 0.00 0.00
576.0 97.0 0.00 0.00
671.0 97.0 0.00 0.00
108.0 98.0 0.00 0.00
391.0 98.0 0.00 0.00
659.0 98.0 0.00 0.00
91.0 99.0 0.00 0.00
98.0 99.0 0.00 0.00
103.0 99.0 0.00 0.00
115.0 99.0 0.00 0.00
157.0 99.0 0.00 0.00
200.0 99.0 0.00 0.00
308.0 99.0 0.00 0.00
333.0 99.0 0.00 0.00
432.0 99.0 0.00 0.00
685.0 99.0 0.00 0.00
179.0 100.0 0.00 0.00
410.0 100.0 0.00 0.00
421.0 100.0 0.00 0.00
592.0 100.0 0.00 0.00
86.0 101.0 0.00 0.00
126.0 101.0 0.00 0.00
206.0 101.0 0.00 0.00
415.0 101.0 0.00 0.00
462.0 101.0 0.00 0.00
488.0 101.0 0.00 0.00
510.0 101.0 0.00 0.00
131.0 102.0 0.00 0.00
136.0 102.0 0.00 0.00
288.0 102.0 0.00 0.00
475.0 102.0 0.00 0.00
190.0 103.0 0.00 0.00
360.0 103.0 0.00 0.00
383.0 103.0 0.00 0.00
392.0 103.0 0.00 0.00
528.0 103.0 0.00 0.00
636.0 103.0 0.00 0.00
693.0 103.0 0.00 0.00
185.0 104.0 0.00 0.00
295.0 104.0 0.00 0.00
300.0 104.0 0.00 0.00
433.0 104.0 0.00 0.00
542.0 104.0 0.00 0.00
597.0 104.0 0.00 0.00
146.0 105.0 0.00 0.00
280.0 105.0 0.00 0.00
698.0 105.0 0.00 0.00
705.0 105.0 0.00 0.00
710.0 105.0 0.00 0.00
112.0 106.0 0.00 0.00
151.0 106.0 0.00 0.00
156.0 106.0 0.00 0.00
215.0 106.0 0.00 0.00
355.0 106.0 0.00 0.00
447.0 106.0 0.00 0.00
608.0 106.0 0.00 0.00
654.0 106.0 0.00 0.00
687.0 106.0 0.00 0.00
91.0 107.0 0.00 0.00
171.0 107.0 0.00 0.00
176.0 107.0 0.00 0.00
78.0 108.0 0.00 0.00
372.0 108.0 0.00 0.00
377.0 108.0 0.00 0.00
414.0 108.0 0.00 0.00
163.0 109.0 0.00 0.00
394.0 109.0 0.00 0.00
432.0 109.0 0.00 0.00
24.0 110.0 0.00 0.00
280.0 110.0 0.00 0.00
292.0 110.0 0.00 0.00
697.0 110.0 0.00 0.00
709.0 110.0 0.00 0.00
714.0 110.0 0.00 0.00
126.0 111.0 0.00 0.00
135.0 111.0 0.00 0.00
156.0 111.0 0.00 0.00
198.0 111.0 0.00 0.00
221.0 111.0 0.00 0.00
568.0 111.0 0.00 0.00
573.0 111.0 0.00 0.00
578.0 111.0 0.00 0.00
596.0 111.0 0.00 0.00
665.0 111.0 0.00 0.00
675.0 111.0 0.00 0.00
687.0 111.0 0.00 0.00
12.0 112.0 0.00 0.00
180.0 112.0 0.00 0.00
203.0 112.0 0.00 0.00
303.0 112.0 0.00 0.00
317.0 112.0 0.00 0.00
322.0 112.0 0.00 0.00
619.0 112.0 0.00 0.00
624.0 112.0 0.00 0.00
639.0 112.0 0.00 0.00
644.0 112.0 0.00 0.00
922.0 112.0 0.00 0.00
105.0 113.0 0.00 0.00
226.0 113.0 0.00 0.00
355.0 113.0 0.00 0.00
424.0 113.0 0.00 0.00
38.0 114.0 0.00 0.00
43.0 114.0 0.00 0.00
345.0 114.0 0.00 0.00
383.0 114.0 0.00 0.00
419.0 114.0 0.00 0.00
605.0 114.0 0.00 0.00
33.0 115.0 0.00 0.00
650.0 115.0 0.00 0.00
694.0 115.0 0.00 0.00
906.0 115.0 0.00 0.00
911.0 115.0 0.00 0.00
58.0 116.0 0.00 0.00
63.0 116.0 0.00 0.00
128.0 116.0 0.00 0.00
193.0 116.0 0.00 0.00
655.0 116.0 0.00 0.00
48.0 117.0 0.00 0.00
53.0 117.0 0.00 0.00
72.0 117.0 0.00 0.00
77.0 117.0 0.00 0.00
621.0 117.0 0.00 0.00
17.0 118.0 0.00 0.00
211.0 118.0 0.00 0.00
370.0 118.0 0.00 0.00
413.0 118.0 0.00 0.00
616.0 118.0 0.00 0.00
720.0 118.0 0.00 0.00
899.0 118.0 0.00 0.00
22.0 119.0 0.00 0.00
89.0 119.0 0.00 0.00
115.0 119.0 0.00 0.00
149.0 119.0 0.00 0.00
171.0 119.0 0.00 0.00
232.0 119.0 0.00 0.00
274.0 119.0 0.00 0.00
635.0 119.0 0.00 0.00
30.0 120.0 0.00 0.00
135.0 120.0 0.00 0.00
140.0 120.0 0.00 0.00
310.0 120.0 0.00 0.00
357.0 120.0 0.00 0.00
601.0 120.0 0.00 0.00
939.0 120.0 0.00 0.00
8.0 121.0 0.00 0.00
100.0 121.0 0.00 0.00
674.0 121.0 0.00 0.00
712.0 121.0 0.00 0.00
725.0 121.0 0.00 0.00
184.0 122.0 0.00 0.00
189.0 122.0 0.00 0.00
201.0 122.0 0.00 0.00
662.0 122.0 0.00 0.00
706.0 122.0 0.00 0.00
934.0 122.0 0.00 0.00
400.0 123.0 0.00 0.00
868.0 123.0 0.00 0.00
886.0 123.0 0.00 0.00
945.0 123.0 0.00 0.00
109.0 124.0 0.00 0.00
129.0 124.0 0.00 0.00
172.0 124.0 0.00 0.00
328.0 124.0 0.00 0.00
347.0 124.0 0.00 0.00
644.0 124.0 0.00 0.00
926.0 124.0 0.00 0.00
41.0 125.0 0.00 0.00
73.0 125.0 0.00 0.00
164.0 125.0 0.00 0.00
222.0 125.0 0.00 0.00
294.0 125.0 0.00 0.00
876.0 125.0 0.00 0.00
100.0 126.0 0.00 0.00
179.0 126.0 0.00 0.00
685.0 126.0 0.00 0.00
951.0 126.0 0.00 0.00
95.0 127.0 0.00 0.00
118.0 127.0 0.00 0.00
240.0 127.0 0.00 0.00
694.0 127.0 0.00 0.00
934.0 127.0 0.00 0.00
939.0 127.0 0.00 0.00
19.0 128.0 0.00 0.00
82.0 128.0 0.00 0.00
151.0 128.0 0.00 0.00
353.0 128.0 0.00 0.00
620.0 128.0 0.00 0.00
854.0 128.0 0.00 0.00
944.0 128.0 0.00 0.00
190.0 129.0 0.00 0.00
286.0 129.0 0.00 0.00
358.0 129.0 0.00 0.00
912.0 129.0 0.00 0.00
211.0 130.0 0.00 0.00
245.0 130.0 0.00 0.00
671.0 130.0 0.00 0.00
719.0 130.0 0.00 0.00
876.0 130.0 0.00 0.00
893.0 130.0 0.00 0.00
907.0 130.0 0.00 0.00
179.0 131.0 0.00 0.00
184.0 131.0 0.00 0.00
268.0 131.0 0.00 0.00
313.0 131.0 0.00 0.00
656.0 131.0 0.00 0.00
747.0 131.0 0.00 0.00
52.0 132.0 0.00 0.00
67.0 132.0 0.00 0.00
94.0 132.0 0.00 0.00
99.0 132.0 0.00 0.00
105.0 132.0 0.00 0.00
221.0 132.0 0.00 0.00
849.0 132.0 0.00 0.00
920.0 132.0 0.00 0.00
925.0 132.0 0.00 0.00
939.0 132.0 0.00 0.00
47.0 133.0 0.00 0.00
230.0 133.0 0.00 0.00
376.0 133.0 0.00 0.00
679.0 133.0 0.00 0.00
738.0 133.0 0.00 0.00
839.0 133.0 0.00 0.00
844.0 133.0 0.00 0.00
931.0 133.0 0.00 0.00
41.0 134.0 0.00 0.00
193.0 134.0 0.00 0.00
260.0 134.0 0.00 0.00
36.0 135.0 0.00 0.00
84.0 135.0 0.00 0.00
159.0 135.0 0.00 0.00
165.0 135.0 0.00 0.00
8.0 136.0 0.00 0.00
123.0 136.0 0.00 0.00
154.0 136.0 0.00 0.00
184.0 136.0 0.00 0.00
199.0 136.0 0.00 0.00
637.0 136.0 0.00 0.00
833.0 136.0 0.00 0.00
867.0 136.0 0.00 0.00
948.0 136.0 0.00 0.00
134.0 137.0 0.00 0.00
204.0 137.0 0.00 0.00
819.0 137.0 0.00 0.00
877.0 137.0 0.00 0.00
926.0 137.0 0.00 0.00
756.0 138.0 0.00 0.00
824.0 138.0 0.00 0.00
872.0 138.0 0.00 0.00
931.0 138.0 0.00 0.00
23.0 139.0 0.00 0.00
170.0 139.0 0.00 0.00
192.0 139.0 0.00 0.00
224.0 139.0 0.00 0.00
249.0 139.0 0.00 0.00
844.0 139.0 0.00 0.00
921.0 139.0 0.00 0.00
13.0 140.0 0.00 0.00
64.0 140.0 0.00 0.00
78.0 140.0 0.00 0.00
145.0 140.0 0.00 0.00
236.0 140.0 0.00 0.00
814.0 140.0 0.00 0.00
899.0 140.0 0.00 0.00
911.0 140.0 0.00 0.00
48.0 141.0 0.00 0.00
113.0 141.0 0.00 0.00
118.0 141.0 0.00 0.00
230.0 141.0 0.00 0.00
665.0 141.0 0.00 0.00
674.0 141.0 0.00 0.00
809.0 141.0 0.00 0.00
835.0 141.0 0.00 0.00
936.0 141.0 0.00 0.00
140.0 142.0 0.00 0.00
206.0 142.0 0.00 0.00
878.0 142.0 0.00 0.00
883.0 142.0 0.00 0.00
28.0 143.0 0.00 0.00
34.0 143.0 0.00 0.00
254.0 143.0 0.00 0.00
804.0 143.0 0.00 0.00
861.0 143.0 0.00 0.00
90.0 144.0 0.00 0.00
163.0 144.0 0.00 0.00
176.0 144.0 0.00 0.00
211.0 144.0 0.00 0.00
310.0 144.0 0.00 0.00
715.0 144.0 0.00 0.00
844.0 144.0 0.00 0.00
920.0 144.0 0.00 0.00
955.0 144.0 0.00 0.00
77.0 145.0 0.00 0.00
270.0 145.0 0.00 0.00
653.0 145.0 0.00 0.00
799.0 145.0 0.00 0.00
900.0 145.0 0.00 0.00
113.0 146.0 0.00 0.00
118.0 146.0 0.00 0.00
201.0 146.0 0.00 0.00
327.0 146.0 0.00 0.00
354.0 146.0 0.00 0.00
745.0 146.0 0.00 0.00
937.0 146.0 0.00 0.00
102.0 147.0 0.00 0.00
126.0 147.0 0.00 0.00
135.0 147.0 0.00 0.00
140.0 147.0 0.00 0.00
229.0 147.0 0.00 0.00
658.0 147.0 0.00 0.00
834.0 147.0 0.00 0.00
873.0 147.0 0.00 0.00
942.0 147.0 0.00 0.00
947.0 147.0 0.00 0.00
107.0 148.0 0.00 0.00
148.0 148.0 0.00 0.00
154.0 148.0 0.00 0.00
185.0 148.0 0.00 0.00
296.0 148.0 0.00 0.00
682.0 148.0 0.00 0.00
819.0 148.0 0.00 0.00
912.0 148.0 0.00 0.00
68.0 149.0 0.00 0.00
220.0 149.0 0.00 0.00
765.0 149.0 0.00 0.00
780.0 149.0 0.00 0.00
789.0 149.0 0.00 0.00
889.0 149.0 0.00 0.00
15.0 150.0 0.00 0.00
24.0 150.0 0.00 0.00
50.0 150.0 0.00 0.00
57.0 150.0 0.00 0.00
720.0 150.0 0.00 0.00
879.0 150.0 0.00 0.00
900.0 150.0 0.00 0.00
955.0 150.0 0.00 0.00
118.0 151.0 0.00 0.00
201.0 151.0 0.00 0.00
261.0 151.0 0.00 0.00
664.0 151.0 0.00 0.00
708.0 151.0 0.00 0.00
775.0 151.0 0.00 0.00
251.0 152.0 0.00 0.00
814.0 152.0 0.00 0.00
848.0 152.0 0.00 0.00
858.0 152.0 0.00 0.00
918.0 152.0 0.00 0.00
173.0 153.0 0.00 0.00
187.0 153.0 0.00 0.00
192.0 153.0 0.00 0.00
292.0 153.0 0.00 0.00
343.0 153.0 0.00 0.00
826.0 153.0 0.00 0.00
853.0 153.0 0.00 0.00
736.0 154.0 0.00 0.00
831.0 154.0 0.00 0.00
975.0 154.0 0.00 0.00
36.0 155.0 0.00 0.00
94.0 155.0 0.00 0.00
138.0 155.0 0.00 0.00
146.0 155.0 0.00 0.00
151.0 155.0 0.00 0.00
287.0 155.0 0.00 0.00
718.0 155.0 0.00 0.00
884.0 155.0 0.00 0.00
897.0 155.0 0.00 0.00
201.0 156.0 0.00 0.00
303.0 156.0 0.00 0.00
772.0 156.0 0.00 0.00
869.0 156.0 0.00 0.00
938.0 156.0 0.00 0.00
946.0 156.0 0.00 0.00
252.0 157.0 0.00 0.00
298.0 157.0 0.00 0.00
338.0 157.0 0.00 0.00
693.0 157.0 0.00 0.00
847.0 157.0 0.00 0.00
83.0 158.0 0.00 0.00
89.0 158.0 0.00 0.00
158.0 158.0 0.00 0.00
181.0 158.0 0.00 0.00
234.0 158.0 0.00 0.00
953.0 158.0 0.00 0.00
9.0 159.0 0.00 0.00
52.0 159.0 0.00 0.00
58.0 159.0 0.00 0.00
70.0 159.0 0.00 0.00
114.0 159.0 0.00 0.00
673.0 159.0 0.00 0.00
818.0 159.0 0.00 0.00
857.0 159.0 0.00 0.00
877.0 159.0 0.00 0.00
922.0 159.0 0.00 0.00
927.0 159.0 0.00 0.00
15.0 160.0 0.00 0.00
21.0 160.0 0.00 0.00
310.0 160.0 0.00 0.00
836.0 160.0 0.00 0.00
863.0 160.0 0.00 0.00
888.0 160.0 0.00 0.00
899.0 160.0 0.00 0.00
201.0 161.0 0.00 0.00
278.0 161.0 0.00 0.00
793.0 161.0 0.00 0.00
126.0 162.0 0.00 0.00
254.0 162.0 0.00 0.00
703.0 162.0 0.00 0.00
852.0 162.0 0.00 0.00
84.0 163.0 0.00 0.00
152.0 163.0 0.00 0.00
172.0 163.0 0.00 0.00
726.0 163.0 0.00 0.00
31.0 164.0 0.00 0.00
36.0 164.0 0.00 0.00
114.0 164.0 0.00 0.00
243.0 164.0 0.00 0.00
266.0 164.0 0.00 0.00
708.0 164.0 0.00 0.00
872.0 164.0 0.00 0.00
915.0 164.0 0.00 0.00
62.0 165.0 0.00 0.00
90.0 165.0 0.00 0.00
95.0 165.0 0.00 0.00
135.0 165.0 0.00 0.00
836.0 165.0 0.00 0.00
888.0 165.0 0.00 0.00
900.0 165.0 0.00 0.00
48.0 166.0 0.00 0.00
775.0 166.0 0.00 0.00
147.0 167.0 0.00 0.00
232.0 167.0 0.00 0.00
755.0 167.0 0.00 0.00
851.0 167.0 0.00 0.00
936.0 167.0 0.00 0.00
68.0 168.0 0.00 0.00
84.0 168.0 0.00 0.00
184.0 168.0 0.00 0.00
197.0 168.0 0.00 0.00
205.0 168.0 0.00 0.00
323.0 168.0 0.00 0.00
686.0 168.0 0.00 0.00
862.0 168.0 0.00 0.00
163.0 169.0 0.00 0.00
283.0 169.0 0.00 0.00
882.0 169.0 0.00 0.00
943.0 169.0 0.00 0.00
91.0 170.0 0.00 0.00
692.0 170.0 0.00 0.00
816.0 170.0 0.00 0.00
831.0 170.0 0.00 0.00
838.0 170.0 0.00 0.00
843.0 170.0 0.00 0.00
872.0 170.0 0.00 0.00
900.0 170.0 0.00 0.00
923.0 170.0 0.00 0.00
12.0 171.0 0.00 0.00
245.0 171.0 0.00 0.00
701.0 171.0 0.00 0.00
709.0 171.0 0.00 0.00
826.0 171.0 0.00 0.00
867.0 171.0 0.00 0.00
27.0 172.0 0.00 0.00
124.0 172.0 0.00 0.00
763.0 172.0 0.00 0.00
821.0 172.0 0.00 0.00
857.0 172.0 0.00 0.00
46.0 173.0 0.00 0.00
71.0 173.0 0.00 0.00
271.0 173.0 0.00 0.00
914.0 173.0 0.00 0.00
60.0 174.0 0.00 0.00
266.0 174.0 0.00 0.00
277.0 174.0 0.00 0.00
852.0 174.0 0.00 0.00
928.0 174.0 0.00 0.00
955.0 174.0 0.00 0.00
66.0 175.0 0.00 0.00
92.0 175.0 0.00 0.00
293.0 175.0 0.00 0.00
696.0 175.0 0.00 0.00
843.0 175.0 0.00 0.00
8.0 176.0 0.00 0.00
172.0 176.0 0.00 0.00
829.0 176.0 0.00 0.00
868.0 176.0 0.00 0.00
922.0 176.0 0.00 0.00
37.0 177.0 0.00 0.00
80.0 177.0 0.00 0.00
139.0 177.0 0.00 0.00
189.0 177.0 0.00 0.00
740.0 177.0 0.00 0.00
745.0 177.0 0.00 0.00
802.0 177.0 0.00 0.00
863.0 177.0 0.00 0.00
879.0 177.0 0.00 0.00
944.0 177.0 0.00 0.00
75.0 178.0 0.00 0.00
115.0 178.0 0.00 0.00
241.0 178.0 0.00 0.00
284.0 178.0 0.00 0.00
302.0 178.0 0.00 0.00
769.0 178.0 0.00 0.00
102.0 179.0 0.00 0.00
202.0 179.0 0.00 0.00
254.0 179.0 0.00 0.00
852.0 179.0 0.00 0.00
916.0 179.0 0.00 0.00
933.0 179.0 0.00 0.00
68.0 180.0 0.00 0.00
697.0 180.0 0.00 0.00
857.0 180.0 0.00 0.00
910.0 180.0 0.00 0.00
10.0 181.0 0.00 0.00
154.0 181.0 0.00 0.00
167.0 181.0 0.00 0.00
264.0 181.0 0.00 0.00
307.0 181.0 0.00 0.00
727.0 181.0 0.00 0.00
819.0 181.0 0.00 0.00
829.0 181.0 0.00 0.00
839.0 181.0 0.00 0.00
844.0 181.0 0.00 0.00
922.0 181.0 0.00 0.00
962.0 181.0 0.00 0.00
87.0 182.0 0.00 0.00
944.0 182.0 0.00 0.00
115.0 183.0 0.00 0.00
143.0 183.0 0.00 0.00
182.0 183.0 0.00 0.00
301.0 183.0 0.00 0.00
778.0 183.0 0.00 0.00
47.0 184.0 0.00 0.00
197.0 184.0 0.00 0.00
722.0 184.0 0.00 0.00
852.0 184.0 0.00 0.00
903.0 184.0 0.00 0.00
933.0 184.0 0.00 0.00
61.0 185.0 0.00 0.00
75.0 185.0 0.00 0.00
99.0 185.0 0.00 0.00
128.0 185.0 0.00 0.00
173.0 185.0 0.00 0.00
245.0 185.0 0.00 0.00
291.0 185.0 0.00 0.00
154.0 186.0 0.00 0.00
916.0 186.0 0.00 0.00
922.0 186.0 0.00 0.00
949.0 186.0 0.00 0.00
954.0 186.0 0.00 0.00
189.0 187.0 0.00 0.00
867.0 187.0 0.00 0.00
872.0 187.0 0.00 0.00
898.0 187.0 0.00 0.00
964.0 187.0 0.00 0.00
183.0 188.0 0.00 0.00
211.0 188.0 0.00 0.00
218.0 188.0 0.00 0.00
116.0 189.0 0.00 0.00
272.0 189.0 0.00 0.00
304.0 189.0 0.00 0.00
737.0 189.0 0.00 0.00
850.0 189.0 0.00 0.00
857.0 189.0 0.00 0.00
906.0 189.0 0.00 0.00
943.0 189.0 0.00 0.00
103.0 190.0 0.00 0.00
108.0 190.0 0.00 0.00
149.0 190.0 0.00 0.00
163.0 190.0 0.00 0.00
173.0 190.0 0.00 0.00
725.0 190.0 0.00 0.00
845.0 190.0 0.00 0.00
911.0 190.0 0.00 0.00
928.0 190.0 0.00 0.00
22.0 191.0 0.00 0.00
34.0 191.0 0.00 0.00
95.0 191.0 0.00 0.00
916.0 191.0 0.00 0.00
922.0 191.0 0.00 0.00
955.0 191.0 0.00 0.00
223.0 192.0 0.00 0.00
279.0 192.0 0.00 0.00
897.0 192.0 0.00 0.00
964.0 192.0 0.00 0.00
154.0 193.0 0.00 0.00
788.0 193.0 0.00 0.00
15.0 194.0 0.00 0.00
116.0 194.0 0.00 0.00
241.0 194.0 0.00 0.00
709.0 194.0 0.00 0.00
755.0 194.0 0.00 0.00
772.0 194.0 0.00 0.00
826.0 194.0 0.00 0.00
831.0 194.0 0.00 0.00
836.0 194.0 0.00 0.00
48.0 195.0 0.00 0.00
59.0 195.0 0.00 0.00
142.0 195.0 0.00 0.00
730.0 195.0 0.00 0.00
767.0 195.0 0.00 0.00
795.0 195.0 0.00 0.00
858.0 195.0 0.00 0.00
873.0 195.0 0.00 0.00
34.0 196.0 0.00 0.00
93.0 196.0 0.00 0.00
173.0 196.0 0.00 0.00
848.0 196.0 0.00 0.00
853.0 196.0 0.00 0.00
76.0 197.0 0.00 0.00
808.0 197.0 0.00 0.00
897.0 197.0 0.00 0.00
936.0 197.0 0.00 0.00
999.0 197.0 0.00 0.00
1015.0 197.0 0.00 0.00
64.0 198.0 0.00 0.00
69.0 198.0 0.00 0.00
81.0 198.0 0.00 0.00
100.0 198.0 0.00 0.00
253.0 198.0 0.00 0.00
817.0 198.0 0.00 0.00
841.0 198.0 0.00 0.00
994.0 198.0 0.00 0.00
129.0 199.0 0.00 0.00
168.0 199.0 0.00 0.00
202.0 199.0 0.00 0.00
298.0 199.0 0.00 0.00
544.0 199.0 0.00 0.00
919.0 199.0 0.00 0.00
927.0 199.0 0.00 0.00
987.0 199.0 0.00 0.00
714.0 200.0 0.00 0.00
747.0 200.0 0.00 0.00
758.0 200.0 0.00 0.00
862.0 200.0 0.00 0.00
874.0 200.0 0.00 0.00
963.0 200.0 0.00 0.00
26.0 201.0 0.00 0.00
31.0 201.0 0.00 0.00
53.0 201.0 0.00 0.00
115.0 201.0 0.00 0.00
154.0 201.0 0.00 0.00
235.0 201.0 0.00 0.00
13.0 202.0 0.00 0.00
105.0 202.0 0.00 0.00
110.0 202.0 0.00 0.00
120.0 202.0 0.00 0.00
182.0 202.0 0.00 0.00
795.0 202.0 0.00 0.00
847.0 202.0 0.00 0.00
941.0 202.0 0.00 0.00
44.0 203.0 0.00 0.00
93.0 203.0 0.00 0.00
100.0 203.0 0.00 0.00
290.0 203.0 0.00 0.00
887.0 203.0 0.00 0.00
893.0 203.0 0.00 0.00
898.0 203.0 0.00 0.00
954.0 203.0 0.00 0.00
129.0 204.0 0.00 0.00
143.0 204.0 0.00 0.00
719.0 204.0 0.00 0.00
169.0 205.0 0.00 0.00
738.0 205.0 0.00 0.00
70.0 207.0 0.00 0.00
75.0 207.0 0.00 0.00
295.0 207.0 0.00 0.00
731.0 207.0 0.00 0.00
764.0 207.0 0.00 0.00
816.0 207.0 0.00 0.00
879.0 207.0 0.00 0.00
907.0 207.0 0.00 0.00
44.0 208.0 0.00 0.00
80.0 208.0 0.00 0.00
93.0 208.0 0.00 0.00
191.0 208.0 0.00 0.00
244.0 208.0 0.00 0.00
773.0 208.0 0.00 0.00
902.0 208.0 0.00 0.00
926.0 208.0 0.00 0.00
946.0 208.0 0.00 0.00
951.0 208.0 0.00 0.00
23.0 209.0 0.00 0.00
39.0 209.0 0.00 0.00
148.0 209.0 0.00 0.00
206.0 209.0 0.00 0.00
226.0 209.0 0.00 0.00
853.0 209.0 0.00 0.00
956.0 209.0 0.00 0.00
116.0 210.0 0.00 0.00
132.0 210.0 0.00 0.00
173.0 210.0 0.00 0.00
869.0 210.0 0.00 0.00
918.0 210.0 0.00 0.00
931.0 210.0 0.00 0.00
64.0 211.0 0.00 0.00
725.0 211.0 0.00 0.00
753.0 211.0 0.00 0.00
936.0 211.0 0.00 0.00
1008.0 211.0 0.00 0.00
11.0 212.0 0.00 0.00
59.0 212.0 0.00 0.00
265.0 212.0 0.00 0.00
861.0 212.0 0.00 0.00
893.0 212.0 0.00 0.00
969.0 212.0 0.00 0.00
79.0 213.0 0.00 0.00
192.0 213.0 0.00 0.00
243.0 213.0 0.00 0.00
783.0 213.0 0.00 0.00
808.0 213.0 0.00 0.00
20.0 214.0 0.00 0.00
40.0 214.0 0.00 0.00
48.0 214.0 0.00 0.00
53.0 214.0 0.00 0.00
89.0 214.0 0.00 0.00
128.0 215.0 0.00 0.00
135.0 215.0 0.00 0.00
141.0 215.0 0.00 0.00
158.0 215.0 0.00 0.00
795.0 215.0 0.00 0.00
803.0 215.0 0.00 0.00
981.0 215.0 0.00 0.00
249.0 216.0 0.00 0.00
287.0 216.0 0.00 0.00
744.0 216.0 0.00 0.00
931.0 216.0 0.00 0.00
60.0 217.0 0.00 0.00
202.0 217.0 0.00 0.00
210.0 217.0 0.00 0.00
215.0 217.0 0.00 0.00
238.0 217.0 0.00 0.00
170.0 218.0 0.00 0.00
175.0 218.0 0.00 0.00
180.0 218.0 0.00 0.00
784.0 218.0 0.00 0.00
1004.0 218.0 0.00 0.00
149.0 219.0 0.00 0.00
908.0 219.0 0.00 0.00
913.0 219.0 0.00 0.00
143.0 220.0 0.00 0.00
195.0 220.0 0.00 0.00
772.0 220.0 0.00 0.00
865.0 220.0 0.00 0.00
882.0 220.0 0.00 0.00
990.0 220.0 0.00 0.00
8.0 221.0 0.00 0.00
13.0 221.0 0.00 0.00
18.0 221.0 0.00 0.00
26.0 221.0 0.00 0.00
32.0 221.0 0.00 0.00
789.0 221.0 0.00 0.00
807.0 221.0 0.00 0.00
853.0 221.0 0.00 0.00
870.0 221.0 0.00 0.00
921.0 221.0 0.00 0.00
931.0 221.0 0.00 0.00
941.0 221.0 0.00 0.00
954.0 221.0 0.00 0.00
959.0 221.0 0.00 0.00
110.0 222.0 0.00 0.00
261.0 222.0 0.00 0.00
47.0 223.0 0.00 0.00
52.0 223.0 0.00 0.00
66.0 223.0 0.00 0.00
72.0 223.0 0.00 0.00
162.0 223.0 0.00 0.00
978.0 223.0 0.00 0.00
79.0 224.0 0.00 0.00
84.0 224.0 0.00 0.00
126.0 224.0 0.00 0.00
157.0 224.0 0.00 0.00
916.0 224.0 0.00 0.00
141.0 225.0 0.00 0.00
220.0 225.0 0.00 0.00
906.0 225.0 0.00 0.00
18.0 226.0 0.00 0.00
167.0 226.0 0.00 0.00
187.0 226.0 0.00 0.00
284.0 226.0 0.00 0.00
776.0 226.0 0.00 0.00
808.0 226.0 0.00 0.00
842.0 226.0 0.00 0.00
860.0 226.0 0.00 0.00
874.0 226.0 0.00 0.00
933.0 226.0 0.00 0.00
751.0 227.0 0.00 0.00
813.0 227.0 0.00 0.00
894.0 227.0 0.00 0.00
953.0 227.0 0.00 0.00
9.0 228.0 0.00 0.00
73.0 228.0 0.00 0.00
120.0 228.0 0.00 0.00
274.0 228.0 0.00 0.00
764.0 228.0 0.00 0.00
885.0 228.0 0.00 0.00
173.0 229.0 0.00 0.00
941.0 229.0 0.00 0.00
992.0 229.0 0.00 0.00
35.0 230.0 0.00 0.00
40.0 230.0 0.00 0.00
203.0 230.0 0.00 0.00
958.0 230.0 0.00 0.00
24.0 231.0 0.00 0.00
47.0 231.0 0.00 0.00
106.0 231.0 0.00 0.00
283.0 231.0 0.00 0.00
776.0 231.0 0.00 0.00
850.0 231.0 0.00 0.00
855.0 231.0 0.00 0.00
874.0 231.0 0.00 0.00
900.0 231.0 0.00 0.00
919.0 231.0 0.00 0.00
101.0 232.0 0.00 0.00
178.0 232.0 0.00 0.00
834.0 232.0 0.00 0.00
862.0 232.0 0.00 0.00
906.0 232.0 0.00 0.00
946.0 232.0 0.00 0.00
977.0 232.0 0.00 0.00
982.0 232.0 0.00 0.00
72.0 233.0 0.00 0.00
77.0 233.0 0.00 0.00
149.0 233.0 0.00 0.00
186.0 233.0 0.00 0.00
884.0 233.0 0.00 0.00
67.0 234.0 0.00 0.00
89.0 234.0 0.00 0.00
94.0 234.0 0.00 0.00
135.0 234.0 0.00 0.00
288.0 234.0 0.00 0.00
928.0 234.0 0.00 0.00
941.0 234.0 0.00 0.00
165.0 235.0 0.00 0.00
740.0 235.0 0.00 0.00
781.0 235.0 0.00 0.00
790.0 235.0 0.00 0.00
913.0 235.0 0.00 0.00
959.0 235.0 0.00 0.00
17.0 236.0 0.00 0.00
276.0 236.0 0.00 0.00
755.0 236.0 0.00 0.00
28.0 237.0 0.00 0.00
196.0 237.0 0.00 0.00
234.0 237.0 0.00 0.00
241.0 237.0 0.00 0.00
838.0 237.0 0.00 0.00
946.0 237.0 0.00 0.00
77.0 238.0 0.00 0.00
148.0 238.0 0.00 0.00
202.0 238.0 0.00 0.00
868.0 238.0 0.00 0.00
873.0 238.0 0.00 0.00
888.0 238.0 0.00 0.00
992.0 238.0 0.00 0.00
8.0 239.0 0.00 0.00
49.0 239.0 0.00 0.00
141.0 239.0 0.00 0.00
170.0 239.0 0.00 0.00
212.0 239.0 0.00 0.00
266.0 239.0 0.00 0.00
271.0 239.0 0.00 0.00
300.0 239.0 0.00 0.00
768.0 239.0 0.00 0.00
803.0 239.0 0.00 0.00
849.0 239.0 0.00 0.00
55.0 240.0 0.00 0.00
61.0 240.0 0.00 0.00
97.0 240.0 0.00 0.00
862.0 240.0 0.00 0.00
897.0 240.0 0.00 0.00
902.0 240.0 0.00 0.00
909.0 240.0 0.00 0.00
916.0 240.0 0.00 0.00
923.0 240.0 0.00 0.00
744.0 241.0 0.00 0.00
752.0 241.0 0.00 0.00
757.0 241.0 0.00 0.00
797.0 241.0 0.00 0.00
812.0 241.0 0.00 0.00
956.0 241.0 0.00 0.00
162.0 242.0 0.00 0.00
228.0 242.0 0.00 0.00
948.0 242.0 0.00 0.00
979.0 242.0 0.00 0.00
825.0 243.0 0.00 0.00
929.0 243.0 0.00 0.00
934.0 243.0 0.00 0.00
943.0 243.0 0.00 0.00
965.0 243.0 0.00 0.00
985.0 243.0 0.00 0.00
221.0 244.0 0.00 0.00
275.0 244.0 0.00 0.00
286.0 244.0 0.00 0.00
837.0 244.0 0.00 0.00
868.0 244.0 0.00 0.00
896.0 245.0 0.00 0.00
296.0 246.0 0.00 0.00
746.0 246.0 0.00 0.00
751.0 246.0 0.00 0.00
758.0 246.0 0.00 0.00
788.0 246.0 0.00 0.00
901.0 246.0 0.00 0.00
918.0 246.0 0.00 0.00
21.0 247.0 0.00 0.00
27.0 247.0 0.00 0.00
40.0 247.0 0.00 0.00
260.0 247.0 0.00 0.00
738.0 247.0 0.00 0.00
990.0 247.0 0.00 0.00
32.0 248.0 0.00 0.00
47.0 248.0 0.00 0.00
89.0 248.0 0.00 0.00
95.0 248.0 0.00 0.00
100.0 248.0 0.00 0.00
861.0 248.0 0.00 0.00
943.0 248.0 0.00 0.00
12.0 249.0 0.00 0.00
52.0 249.0 0.00 0.00
57.0 249.0 0.00 0.00
62.0 249.0 0.00 0.00
68.0 249.0 0.00 0.00
77.0 249.0 0.00 0.00
109.0 249.0 0.00 0.00
142.0 249.0 0.00 0.00
147.0 249.0 0.00 0.00
152.0 249.0 0.00 0.00
214.0 249.0 0.00 0.00
830.0 249.0 0.00 0.00
868.0 249.0 0.00 0.00
874.0 249.0 0.00 0.00
890.0 249.0 0.00 0.00
1000.0 249.0 0.00 0.00
127.0 250.0 0.00 0.00
157.0 250.0 0.00 0.00
243.0 250.0 0.00 0.00
248.0 250.0 0.00 0.00
851.0 250.0 0.00 0.00
121.0 251.0 0.00 0.00
162.0 251.0 0.00 0.00
297.0 251.0 0.00 0.00
748.0 251.0 0.00 0.00
900.0 251.0 0.00 0.00
920.0 251.0 0.00 0.00
167.0 252.0 0.00 0.00
306.0 252.0 0.00 0.00
738.0 252.0 0.00 0.00
761.0 252.0 0.00 0.00
789.0 252.0 0.00 0.00
966.0 252.0 0.00 0.00
173.0 253.0 0.00 0.00
286.0 253.0 0.00 0.00
841.0 253.0 0.00 0.00
957.0 253.0 0.00 0.00
975.0 253.0 0.00 0.00
180.0 254.0 0.00 0.00
188.0 254.0 0.00 0.00
271.0 254.0 0.00 0.00
193.0 255.0 0.00 0.00
868.0 255.0 0.00 0.00
881.0 255.0 0.00 0.00
931.0 255.0 0.00 0.00
122.0 256.0 0.00 0.00
202.0 256.0 0.00 0.00
750.0 256.0 0.00 0.00
900.0 256.0 0.00 0.00
996.0 256.0 0.00 0.00
1009.0 256.0 0.00 0.00
309.0 257.0 0.00 0.00
790.0 257.0 0.00 0.00
814.0 257.0 0.00 0.00
905.0 257.0 0.00 0.00
939.0 257.0 0.00 0.00
985.0 257.0 0.00 0.00
1004.0 257.0 0.00 0.00
44.0 258.0 0.00 0.00
102.0 258.0 0.00 0.00
215.0 258.0 0.00 0.00
893.0 258.0 0.00 0.00
924.0 258.0 0.00 0.00
67.0 259.0 0.00 0.00
272.0 259.0 0.00 0.00
823.0 259.0 0.00 0.00
867.0 260.0 0.00 0.00
872.0 260.0 0.00 0.00
916.0 260.0 0.00 0.00
58.0 261.0 0.00 0.00
231.0 261.0 0.00 0.00
238.0 261.0 0.00 0.00
947.0 261.0 0.00 0.00
952.0 261.0 0.00 0.00
963.0 261.0 0.00 0.00
1014.0 261.0 0.00 0.00
85.0 262.0 0.00 0.00
135.0 262.0 0.00 0.00
226.0 262.0 0.00 0.00
791.0 262.0 0.00 0.00
818.0 262.0 0.00 0.00
938.0 262.0 0.00 0.00
44.0 263.0 0.00 0.00
53.0 263.0 0.00 0.00
243.0 263.0 0.00 0.00
277.0 263.0 0.00 0.00
290.0 263.0 0.00 0.00
318.0 263.0 0.00 0.00
743.0 263.0 0.00 0.00
803.0 263.0 0.00 0.00
893.0 263.0 0.00 0.00
911.0 263.0 0.00 0.00
285.0 264.0 0.00 0.00
295.0 264.0 0.00 0.00
773.0 264.0 0.00 0.00
862.0 264.0 0.00 0.00
884.0 264.0 0.00 0.00
924.0 264.0 0.00 0.00
933.0 264.0 0.00 0.00
76.0 265.0 0.00 0.00
308.0 265.0 0.00 0.00
900.0 265.0 0.00 0.00
905.0 265.0 0.00 0.00
252.0 266.0 0.00 0.00
264.0 266.0 0.00 0.00
269.0 266.0 0.00 0.00
943.0 266.0 0.00 0.00
956.0 266.0 0.00 0.00
1015.0 266.0 0.00 0.00
142.0 268.0 0.00 0.00
322.0 268.0 0.00 0.00
754.0 268.0 0.00 0.00
782.0 268.0 0.00 0.00
999.0 268.0 0.00 0.00
30.0 269.0 0.00 0.00
130.0 269.0 0.00 0.00
856.0 269.0 0.00 0.00
212.0 270.0 0.00 0.00
277.0 270.0 0.00 0.00
923.0 270.0 0.00 0.00
970.0 270.0 0.00 0.00
976.0 270.0 0.00 0.00
314.0 271.0 0.00 0.00
766.0 271.0 0.00 0.00
837.0 271.0 0.00 0.00
944.0 271.0 0.00 0.00
986.0 271.0 0.00 0.00
848.0 272.0 0.00 0.00
955.0 272.0 0.00 0.00
981.0 272.0 0.00 0.00
115.0 273.0 0.00 0.00
180.0 273.0 0.00 0.00
232.0 273.0 0.00 0.00
706.0 273.0 0.00 0.00
889.0 273.0 0.00 0.00
294.0 274.0 0.00 0.00
750.0 274.0 0.00 0.00
865.0 274.0 0.00 0.00
870.0 274.0 0.00 0.00
903.0 274.0 0.00 0.00
913.0 274.0 0.00 0.00
918.0 274.0 0.00 0.00
938.0 274.0 0.00 0.00
949.0 274.0 0.00 0.00
158.0 275.0 0.00 0.00
303.0 275.0 0.00 0.00
968.0 275.0 0.00 0.00
973.0 275.0 0.00 0.00
199.0 276.0 0.00 0.00
218.0 276.0 0.00 0.00
285.0 276.0 0.00 0.00
313.0 276.0 0.00 0.00
324.0 276.0 0.00 0.00
757.0 276.0 0.00 0.00
837.0 276.0 0.00 0.00
963.0 276.0 0.00 0.00
45.0 277.0 0.00 0.00
171.0 277.0 0.00 0.00
271.0 277.0 0.00 0.00
333.0 277.0 0.00 0.00
880.0 277.0 0.00 0.00
955.0 277.0 0.00 0.00
1002.0 277.0 0.00 0.00
50.0 278.0 0.00 0.00
55.0 278.0 0.00 0.00
446.0 278.0 0.00 0.00
889.0 278.0 0.00 0.00
111.0 279.0 0.00 0.00
338.0 279.0 0.00 0.00
344.0 279.0 0.00 0.00
438.0 279.0 0.00 0.00
458.0 279.0 0.00 0.00
903.0 279.0 0.00 0.00
920.0 279.0 0.00 0.00
1015.0 279.0 0.00 0.00
64.0 280.0 0.00 0.00
106.0 280.0 0.00 0.00
140.0 280.0 0.00 0.00
359.0 280.0 0.00 0.00
615.0 280.0 0.00 0.00
752.0 280.0 0.00 0.00
977.0 280.0 0.00 0.00
97.0 281.0 0.00 0.00
367.0 281.0 0.00 0.00
416.0 281.0 0.00 0.00
421.0 281.0 0.00 0.00
466.0 281.0 0.00 0.00
760.0 281.0 0.00 0.00
796.0 281.0 0.00 0.00
803.0 281.0 0.00 0.00
874.0 281.0 0.00 0.00
993.0 281.0 0.00 0.00
8.0 282.0 0.00 0.00
285.0 282.0 0.00 0.00
333.0 282.0 0.00 0.00
772.0 282.0 0.00 0.00
840.0 282.0 0.00 0.00
909.0 282.0 0.00 0.00
1007.0 282.0 0.00 0.00
372.0 283.0 0.00 0.00
432.0 283.0 0.00 0.00
915.0 283.0 0.00 0.00
326.0 284.0 0.00 0.00
817.0 284.0 0.00 0.00
835.0 284.0 0.00 0.00
861.0 284.0 0.00 0.00
935.0 284.0 0.00 0.00
951.0 284.0 0.00 0.00
777.0 285.0 0.00 0.00
981.0 285.0 0.00 0.00
206.0 286.0 0.00 0.00
313.0 286.0 0.00 0.00
474.0 286.0 0.00 0.00
782.0 286.0 0.00 0.00
788.0 286.0 0.00 0.00
804.0 286.0 0.00 0.00
891.0 286.0 0.00 0.00
183.0 287.0 0.00 0.00
285.0 287.0 0.00 0.00
333.0 287.0 0.00 0.00
404.0 287.0 0.00 0.00
672.0 287.0 0.00 0.00
764.0 287.0 0.00 0.00
771.0 287.0 0.00 0.00
910.0 287.0 0.00 0.00
922.0 287.0 0.00 0.00
969.0 287.0 0.00 0.00
40.0 288.0 0.00 0.00
61.0 288.0 0.00 0.00
84.0 288.0 0.00 0.00
169.0 288.0 0.00 0.00
199.0 288.0 0.00 0.00
243.0 288.0 0.00 0.00
303.0 288.0 0.00 0.00
308.0 288.0 0.00 0.00
378.0 288.0 0.00 0.00
398.0 288.0 0.00 0.00
430.0 288.0 0.00 0.00
479.0 288.0 0.00 0.00
755.0 288.0 0.00 0.00
940.0 288.0 0.00 0.00
290.0 289.0 0.00 0.00
516.0 289.0 0.00 0.00
860.0 289.0 0.00 0.00
886.0 289.0 0.00 0.00
989.0 289.0 0.00 0.00
10.0 290.0 0.00 0.00
155.0 290.0 0.00 0.00
352.0 290.0 0.00 0.00
360.0 290.0 0.00 0.00
994.0 290.0 0.00 0.00
1002.0 290.0 0.00 0.00
23.0 291.0 0.00 0.00
145.0 291.0 0.00 0.00
206.0 291.0 0.00 0.00
259.0 291.0 0.00 0.00
746.0 291.0 0.00 0.00
904.0 291.0 0.00 0.00
1008.0 291.0 0.00 0.00
1013.0 291.0 0.00 0.00
265.0 292.0 0.00 0.00
335.0 292.0 0.00 0.00
343.0 292.0 0.00 0.00
384.0 292.0 0.00 0.00
389.0 292.0 0.00 0.00
767.0 292.0 0.00 0.00
824.0 292.0 0.00 0.00
980.0 292.0 0.00 0.00
160.0 293.0 0.00 0.00
330.0 293.0 0.00 0.00
400.0 293.0 0.00 0.00
417.0 293.0 0.00 0.00
422.0 293.0 0.00 0.00
483.0 293.0 0.00 0.00
935.0 293.0 0.00 0.00
291.0 294.0 0.00 0.00
227.0 295.0 0.00 0.00
428.0 295.0 0.00 0.00
470.0 295.0 0.00 0.00
638.0 295.0 0.00 0.00
876.0 295.0 0.00 0.00
915.0 295.0 0.00 0.00
969.0 295.0 0.00 0.00
87.0 296.0 0.00 0.00
145.0 296.0 0.00 0.00
433.0 296.0 0.00 0.00
664.0 296.0 0.00 0.00
846.0 296.0 0.00 0.00
851.0 296.0 0.00 0.00
886.0 296.0 0.00 0.00
155.0 297.0 0.00 0.00
166.0 297.0 0.00 0.00
206.0 297.0 0.00 0.00
525.0 297.0 0.00 0.00
544.0 297.0 0.00 0.00
570.0 297.0 0.00 0.00
575.0 297.0 0.00 0.00
678.0 297.0 0.00 0.00
766.0 297.0 0.00 0.00
1014.0 297.0 0.00 0.00
43.0 298.0 0.00 0.00
161.0 298.0 0.00 0.00
241.0 298.0 0.00 0.00
505.0 298.0 0.00 0.00
564.0 298.0 0.00 0.00
591.0 298.0 0.00 0.00
806.0 298.0 0.00 0.00
832.0 298.0 0.00 0.00
931.0 298.0 0.00 0.00
128.0 299.0 0.00 0.00
493.0 299.0 0.00 0.00
744.0 299.0 0.00 0.00
758.0 299.0 0.00 0.00
780.0 299.0 0.00 0.00
789.0 299.0 0.00 0.00
896.0 299.0 0.00 0.00
65.0 300.0 0.00 0.00
227.0 300.0 0.00 0.00
232.0 300.0 0.00 0.00
278.0 300.0 0.00 0.00
283.0 300.0 0.00 0.00
355.0 300.0 0.00 0.00
361.0 300.0 0.00 0.00
390.0 300.0 0.00 0.00
607.0 300.0 0.00 0.00
612.0 300.0 0.00 0.00
724.0 300.0 0.00 0.00
840.0 300.0 0.00 0.00
998.0 300.0 0.00 0.00
12.0 301.0 0.00 0.00
77.0 301.0 0.00 0.00
113.0 301.0 0.00 0.00
146.0 301.0 0.00 0.00
292.0 301.0 0.00 0.00
376.0 301.0 0.00 0.00
444.0 301.0 0.00 0.00
485.0 301.0 0.00 0.00
601.0 301.0 0.00 0.00
735.0 301.0 0.00 0.00
969.0 301.0 0.00 0.00
993.0 301.0 0.00 0.00
1003.0 301.0 0.00 0.00
155.0 302.0 0.00 0.00
173.0 302.0 0.00 0.00
399.0 302.0 0.00 0.00
537.0 302.0 0.00 0.00
766.0 302.0 0.00 0.00
92.0 303.0 0.00 0.00
305.0 303.0 0.00 0.00
320.0 303.0 0.00 0.00
341.0 303.0 0.00 0.00
474.0 303.0 0.00 0.00
505.0 303.0 0.00 0.00
562.0 303.0 0.00 0.00
594.0 303.0 0.00 0.00
620.0 303.0 0.00 0.00
640.0 303.0 0.00 0.00
688.0 303.0 0.00 0.00
879.0 303.0 0.00 0.00
930.0 303.0 0.00 0.00
1008.0 303.0 0.00 0.00
273.0 304.0 0.00 0.00
469.0 304.0 0.00 0.00
583.0 304.0 0.00 0.00
629.0 304.0 0.00 0.00
683.0 304.0 0.00 0.00
695.0 304.0 0.00 0.00
716.0 304.0 0.00 0.00
754.0 304.0 0.00 0.00
759.0 304.0 0.00 0.00
780.0 304.0 0.00 0.00
789.0 304.0 0.00 0.00
845.0 304.0 0.00 0.00
887.0 304.0 0.00 0.00
983.0 304.0 0.00 0.00
350.0 305.0 0.00 0.00
355.0 305.0 0.00 0.00
464.0 305.0 0.00 0.00
557.0 305.0 0.00 0.00
578.0 305.0 0.00 0.00
655.0 305.0 0.00 0.00
892.0 305.0 0.00 0.00
292.0 306.0 0.00 0.00
446.0 306.0 0.00 0.00
481.0 306.0 0.00 0.00
551.0 306.0 0.00 0.00
573.0 306.0 0.00 0.00
602.0 306.0 0.00 0.00
748.0 306.0 0.00 0.00
905.0 306.0 0.00 0.00
969.0 306.0 0.00 0.00
9.0 307.0 0.00 0.00
14.0 307.0 0.00 0.00
198.0 307.0 0.00 0.00
488.0 307.0 0.00 0.00
517.0 307.0 0.00 0.00
823.0 307.0 0.00 0.00
828.0 307.0 0.00 0.00
833.0 307.0 0.00 0.00
914.0 307.0 0.00 0.00
952.0 307.0 0.00 0.00
19.0 308.0 0.00 0.00
41.0 308.0 0.00 0.00
46.0 308.0 0.00 0.00
146.0 308.0 0.00 0.00
505.0 308.0 0.00 0.00
510.0 308.0 0.00 0.00
611.0 308.0 0.00 0.00
54.0 309.0 0.00 0.00
71.0 309.0 0.00 0.00
109.0 309.0 0.00 0.00
159.0 309.0 0.00 0.00
165.0 309.0 0.00 0.00
225.0 309.0 0.00 0.00
255.0 309.0 0.00 0.00
328.0 309.0 0.00 0.00
562.0 309.0 0.00 0.00
759.0 309.0 0.00 0.00
786.0 309.0 0.00 0.00
841.0 309.0 0.00 0.00
846.0 309.0 0.00 0.00
932.0 309.0 0.00 0.00
65.0 310.0 0.00 0.00
77.0 310.0 0.00 0.00
98.0 310.0 0.00 0.00
126.0 310.0 0.00 0.00
131.0 310.0 0.00 0.00
137.0 310.0 0.00 0.00
234.0 310.0 0.00 0.00
239.0 310.0 0.00 0.00
246.0 310.0 0.00 0.00
261.0 310.0 0.00 0.00
333.0 310.0 0.00 0.00
354.0 310.0 0.00 0.00
360.0 310.0 0.00 0.00
740.0 310.0 0.00 0.00
791.0 310.0 0.00 0.00
801.0 310.0 0.00 0.00
809.0 310.0 0.00 0.00
892.0 310.0 0.00 0.00
34.0 311.0 0.00 0.00
179.0 311.0 0.00 0.00
316.0 311.0 0.00 0.00
370.0 311.0 0.00 0.00
375.0 311.0 0.00 0.00
384.0 311.0 0.00 0.00
392.0 311.0 0.00 0.00
415.0 311.0 0.00 0.00
420.0 311.0 0.00 0.00
769.0 311.0 0.00 0.00
776.0 311.0 0.00 0.00
854.0 311.0 0.00 0.00
217.0 312.0 0.00 0.00
289.0 312.0 0.00 0.00
294.0 312.0 0.00 0.00
309.0 312.0 0.00 0.00
347.0 312.0 0.00 0.00
401.0 312.0 0.00 0.00
425.0 312.0 0.00 0.00
781.0 312.0 0.00 0.00
836.0 312.0 0.00 0.00
863.0 312.0 0.00 0.00
1010.0 312.0 0.00 0.00
439.0 313.0 0.00 0.00
637.0 313.0 0.00 0.00
676.0 313.0 0.00 0.00
749.0 313.0 0.00 0.00
920.0 313.0 0.00 0.00
1001.0 313.0 0.00 0.00
267.0 314.0 0.00 0.00
280.0 314.0 0.00 0.00
515.0 314.0 0.00 0.00
536.0 314.0 0.00 0.00
562.0 314.0 0.00 0.00
642.0 314.0 0.00 0.00
686.0 314.0 0.00 0.00
79.0 315.0 0.00 0.00
321.0 315.0 0.00 0.00
490.0 315.0 0.00 0.00
580.0 315.0 0.00 0.00
602.0 315.0 0.00 0.00
607.0 315.0 0.00 0.00
615.0 315.0 0.00 0.00
620.0 315.0 0.00 0.00
628.0 315.0 0.00 0.00
648.0 315.0 0.00 0.00
721.0 315.0 0.00 0.00
816.0 315.0 0.00 0.00
880.0 315.0 0.00 0.00
889.0 315.0 0.00 0.00
914.0 315.0 0.00 0.00
100.0 316.0 0.00 0.00
369.0 316.0 0.00 0.00
384.0 316.0 0.00 0.00
413.0 316.0 0.00 0.00
458.0 316.0 0.00 0.00
469.0 316.0 0.00 0.00
485.0 316.0 0.00 0.00
586.0 316.0 0.00 0.00
591.0 316.0 0.00 0.00
597.0 316.0 0.00 0.00
667.0 316.0 0.00 0.00
771.0 316.0 0.00 0.00
932.0 316.0 0.00 0.00
295.0 317.0 0.00 0.00
401.0 317.0 0.00 0.00
406.0 317.0 0.00 0.00
474.0 317.0 0.00 0.00
653.0 317.0 0.00 0.00
658.0 317.0 0.00 0.00
758.0 317.0 0.00 0.00
848.0 317.0 0.00 0.00
21.0 318.0 0.00 0.00
84.0 318.0 0.00 0.00
449.0 318.0 0.00 0.00
479.0 318.0 0.00 0.00
864.0 318.0 0.00 0.00
31.0 319.0 0.00 0.00
45.0 319.0 0.00 0.00
129.0 319.0 0.00 0.00
134.0 319.0 0.00 0.00
169.0 319.0 0.00 0.00
280.0 319.0 0.00 0.00
705.0 319.0 0.00 0.00
859.0 319.0 0.00 0.00
124.0 320.0 0.00 0.00
147.0 320.0 0.00 0.00
255.0 320.0 0.00 0.00
494.0 320.0 0.00 0.00
506.0 320.0 0.00 0.00
623.0 320.0 0.00 0.00
628.0 320.0 0.00 0.00
837.0 320.0 0.00 0.00
983.0 320.0 0.00 0.00
1006.0 320.0 0.00 0.00
1011.0 320.0 0.00 0.00
358.0 321.0 0.00 0.00
367.0 321.0 0.00 0.00
382.0 321.0 0.00 0.00
387.0 321.0 0.00 0.00
419.0 321.0 0.00 0.00
579.0 321.0 0.00 0.00
641.0 321.0 0.00 0.00
646.0 321.0 0.00 0.00
741.0 321.0 0.00 0.00
843.0 321.0 0.00 0.00
875.0 321.0 0.00 0.00
909.0 321.0 0.00 0.00
967.0 321.0 0.00 0.00
141.0 322.0 0.00 0.00
340.0 322.0 0.00 0.00
372.0 322.0 0.00 0.00
657.0 322.0 0.00 0.00
854.0 322.0 0.00 0.00
870.0 322.0 0.00 0.00
895.0 322.0 0.00 0.00
999.0 322.0 0.00 0.00
111.0 323.0 0.00 0.00
300.0 323.0 0.00 0.00
328.0 323.0 0.00 0.00
345.0 323.0 0.00 0.00
377.0 323.0 0.00 0.00
394.0 323.0 0.00 0.00
428.0 323.0 0.00 0.00
534.0 323.0 0.00 0.00
548.0 323.0 0.00 0.00
555.0 323.0 0.00 0.00
561.0 323.0 0.00 0.00
609.0 323.0 0.00 0.00
865.0 323.0 0.00 0.00
918.0 323.0 0.00 0.00
923.0 323.0 0.00 0.00
73.0 324.0 0.00 0.00
212.0 324.0 0.00 0.00
245.0 324.0 0.00 0.00
250.0 324.0 0.00 0.00
437.0 324.0 0.00 0.00
566.0 324.0 0.00 0.00
776.0 324.0 0.00 0.00
789.0 324.0 0.00 0.00
797.0 324.0 0.00 0.00
53.0 325.0 0.00 0.00
125.0 325.0 0.00 0.00
256.0 325.0 0.00 0.00
282.0 325.0 0.00 0.00
457.0 325.0 0.00 0.00
462.0 325.0 0.00 0.00
505.0 325.0 0.00 0.00
588.0 325.0 0.00 0.00
623.0 325.0 0.00 0.00
628.0 325.0 0.00 0.00
707.0 325.0 0.00 0.00
760.0 325.0 0.00 0.00
765.0 325.0 0.00 0.00
442.0 326.0 0.00 0.00
579.0 326.0 0.00 0.00
648.0 326.0 0.00 0.00
679.0 326.0 0.00 0.00
686.0 326.0 0.00 0.00
752.0 326.0 0.00 0.00
859.0 326.0 0.00 0.00
904.0 326.0 0.00 0.00
909.0 326.0 0.00 0.00
80.0 327.0 0.00 0.00
141.0 327.0 0.00 0.00
320.0 327.0 0.00 0.00
423.0 327.0 0.00 0.00
636.0 327.0 0.00 0.00
655.0 327.0 0.00 0.00
660.0 327.0 0.00 0.00
870.0 327.0 0.00 0.00
418.0 328.0 0.00 0.00
428.0 328.0 0.00 0.00
521.0 328.0 0.00 0.00
549.0 328.0 0.00 0.00
599.0 328.0 0.00 0.00
611.0 328.0 0.00 0.00
641.0 328.0 0.00 0.00
671.0 328.0 0.00 0.00
720.0 328.0 0.00 0.00
19.0 329.0 0.00 0.00
112.0 329.0 0.00 0.00
378.0 329.0 0.00 0.00
383.0 329.0 0.00 0.00
388.0 329.0 0.00 0.00
395.0 329.0 0.00 0.00
472.0 329.0 0.00 0.00
487.0 329.0 0.00 0.00
492.0 329.0 0.00 0.00
544.0 329.0 0.00 0.00
811.0 329.0 0.00 0.00
879.0 329.0 0.00 0.00
884.0 329.0 0.00 0.00
931.0 329.0 0.00 0.00
126.0 330.0 0.00 0.00
245.0 330.0 0.00 0.00
373.0 330.0 0.00 0.00
406.0 330.0 0.00 0.00
482.0 330.0 0.00 0.00
588.0 330.0 0.00 0.00
764.0 330.0 0.00 0.00
785.0 330.0 0.00 0.00
831.0 330.0 0.00 0.00
836.0 330.0 0.00 0.00
920.0 330.0 0.00 0.00
1014.0 330.0 0.00 0.00
121.0 331.0 0.00 0.00
273.0 331.0 0.00 0.00
344.0 331.0 0.00 0.00
367.0 331.0 0.00 0.00
444.0 331.0 0.00 0.00
449.0 331.0 0.00 0.00
505.0 331.0 0.00 0.00
532.0 331.0 0.00 0.00
616.0 331.0 0.00 0.00
849.0 331.0 0.00 0.00
8.0 332.0 0.00 0.00
132.0 332.0 0.00 0.00
137.0 332.0 0.00 0.00
150.0 332.0 0.00 0.00
176.0 332.0 0.00 0.00
235.0 332.0 0.00 0.00
257.0 332.0 0.00 0.00
282.0 332.0 0.00 0.00
297.0 332.0 0.00 0.00
317.0 332.0 0.00 0.00
456.0 332.0 0.00 0.00
527.0 332.0 0.00 0.00
759.0 332.0 0.00 0.00
870.0 332.0 0.00 0.00
903.0 332.0 0.00 0.00
965.0 332.0 0.00 0.00
302.0 333.0 0.00 0.00
308.0 333.0 0.00 0.00
323.0 333.0 0.00 0.00
428.0 333.0 0.00 0.00
433.0 333.0 0.00 0.00
438.0 333.0 0.00 0.00
521.0 333.0 0.00 0.00
549.0 333.0 0.00 0.00
593.0 333.0 0.00 0.00
629.0 333.0 0.00 0.00
898.0 333.0 0.00 0.00
956.0 333.0 0.00 0.00
35.0 334.0 0.00 0.00
112.0 334.0 0.00 0.00
215.0 334.0 0.00 0.00
339.0 334.0 0.00 0.00
544.0 334.0 0.00 0.00
554.0 334.0 0.00 0.00
579.0 334.0 0.00 0.00
652.0 334.0 0.00 0.00
688.0 334.0 0.00 0.00
693.0 334.0 0.00 0.00
801.0 334.0 0.00 0.00
812.0 334.0 0.00 0.00
75.0 335.0 0.00 0.00
588.0 335.0 0.00 0.00
637.0 335.0 0.00 0.00
676.0 335.0 0.00 0.00
700.0 335.0 0.00 0.00
771.0 335.0 0.00 0.00
819.0 335.0 0.00 0.00
920.0 335.0 0.00 0.00
979.0 335.0 0.00 0.00
89.0 336.0 0.00 0.00
191.0 336.0 0.00 0.00
272.0 336.0 0.00 0.00
330.0 336.0 0.00 0.00
344.0 336.0 0.00 0.00
349.0 336.0 0.00 0.00
354.0 336.0 0.00 0.00
444.0 336.0 0.00 0.00
480.0 336.0 0.00 0.00
486.0 336.0 0.00 0.00
505.0 336.0 0.00 0.00
615.0 336.0 0.00 0.00
660.0 336.0 0.00 0.00
754.0 336.0 0.00 0.00
776.0 336.0 0.00 0.00
785.0 336.0 0.00 0.00
19.0 337.0 0.00 0.00
359.0 337.0 0.00 0.00
458.0 337.0 0.00 0.00
463.0 337.0 0.00 0.00
468.0 337.0 0.00 0.00
500.0 337.0 0.00 0.00
598.0 337.0 0.00 0.00
712.0 337.0 0.00 0.00
759.0 337.0 0.00 0.00
849.0 337.0 0.00 0.00
857.0 337.0 0.00 0.00
862.0 337.0 0.00 0.00
868.0 337.0 0.00 0.00
880.0 337.0 0.00 0.00
26.0 338.0 0.00 0.00
167.0 338.0 0.00 0.00
424.0 338.0 0.00 0.00
491.0 338.0 0.00 0.00
626.0 338.0 0.00 0.00
724.0 338.0 0.00 0.00
732.0 338.0 0.00 0.00
895.0 338.0 0.00 0.00
958.0 338.0 0.00 0.00
45.0 339.0 0.00 0.00
116.0 339.0 0.00 0.00
172.0 339.0 0.00 0.00
409.0 339.0 0.00 0.00
475.0 339.0 0.00 0.00
582.0 339.0 0.00 0.00
890.0 339.0 0.00 0.00
925.0 339.0 0.00 0.00
930.0 339.0 0.00 0.00
936.0 339.0 0.00 0.00
941.0 339.0 0.00 0.00
965.0 339.0 0.00 0.00
970.0 339.0 0.00 0.00
984.0 339.0 0.00 0.00
998.0 339.0 0.00 0.00
1010.0 339.0 0.00 0.00
438.0 340.0 0.00 0.00
587.0 340.0 0.00 0.00
678.0 340.0 0.00 0.00
833.0 340.0 0.00 0.00
250.0 341.0 0.00 0.00
257.0 341.0 0.00 0.00
272.0 341.0 0.00 0.00
304.0 341.0 0.00 0.00
545.0 341.0 0.00 0.00
558.0 341.0 0.00 0.00
792.0 341.0 0.00 0.00
950.0 341.0 0.00 0.00
33.0 342.0 0.00 0.00
236.0 342.0 0.00 0.00
245.0 342.0 0.00 0.00
361.0 342.0 0.00 0.00
598.0 342.0 0.00 0.00
613.0 342.0 0.00 0.00
688.0 342.0 0.00 0.00
802.0 342.0 0.00 0.00
846.0 342.0 0.00 0.00
1015.0 342.0 0.00 0.00
59.0 343.0 0.00 0.00
67.0 343.0 0.00 0.00
184.0 343.0 0.00 0.00
206.0 343.0 0.00 0.00
231.0 343.0 0.00 0.00
450.0 343.0 0.00 0.00
495.0 343.0 0.00 0.00
515.0 343.0 0.00 0.00
532.0 343.0 0.00 0.00
573.0 343.0 0.00 0.00
603.0 343.0 0.00 0.00
608.0 343.0 0.00 0.00
626.0 343.0 0.00 0.00
693.0 343.0 0.00 0.00
748.0 343.0 0.00 0.00
762.0 343.0 0.00 0.00
54.0 344.0 0.00 0.00
193.0 344.0 0.00 0.00
285.0 344.0 0.00 0.00
482.0 344.0 0.00 0.00
621.0 344.0 0.00 0.00
669.0 344.0 0.00 0.00
698.0 344.0 0.00 0.00
736.0 344.0 0.00 0.00
741.0 344.0 0.00 0.00
855.0 344.0 0.00 0.00
867.0 344.0 0.00 0.00
159.0 345.0 0.00 0.00
226.0 345.0 0.00 0.00
438.0 345.0 0.00 0.00
567.0 345.0 0.00 0.00
582.0 345.0 0.00 0.00
719.0 345.0 0.00 0.00
724.0 345.0 0.00 0.00
78.0 346.0 0.00 0.00
130.0 346.0 0.00 0.00
214.0 346.0 0.00 0.00
330.0 346.0 0.00 0.00
353.0 346.0 0.00 0.00
366.0 346.0 0.00 0.00
383.0 346.0 0.00 0.00
388.0 346.0 0.00 0.00
455.0 346.0 0.00 0.00
460.0 346.0 0.00 0.00
471.0 346.0 0.00 0.00
476.0 346.0 0.00 0.00
562.0 346.0 0.00 0.00
591.0 346.0 0.00 0.00
710.0 346.0 0.00 0.00
980.0 346.0 0.00 0.00
147.0 347.0 0.00 0.00
291.0 347.0 0.00 0.00
376.0 347.0 0.00 0.00
396.0 347.0 0.00 0.00
406.0 347.0 0.00 0.00
414.0 347.0 0.00 0.00
540.0 347.0 0.00 0.00
596.0 347.0 0.00 0.00
650.0 347.0 0.00 0.00
687.0 347.0 0.00 0.00
205.0 348.0 0.00 0.00
401.0 348.0 0.00 0.00
426.0 348.0 0.00 0.00
488.0 348.0 0.00 0.00
493.0 348.0 0.00 0.00
501.0 348.0 0.00 0.00
557.0 348.0 0.00 0.00
633.0 348.0 0.00 0.00
638.0 348.0 0.00 0.00
747.0 348.0 0.00 0.00
761.0 348.0 0.00 0.00
193.0 349.0 0.00 0.00
361.0 349.0 0.00 0.00
621.0 349.0 0.00 0.00
174.0 350.0 0.00 0.00
250.0 350.0 0.00 0.00
438.0 350.0 0.00 0.00
509.0 350.0 0.00 0.00
515.0 350.0 0.00 0.00
816.0 350.0 0.00 0.00
920.0 350.0 0.00 0.00
35.0 351.0 0.00 0.00
241.0 351.0 0.00 0.00
321.0 351.0 0.00 0.00
451.0 351.0 0.00 0.00
456.0 351.0 0.00 0.00
466.0 351.0 0.00 0.00
475.0 351.0 0.00 0.00
524.0 351.0 0.00 0.00
532.0 351.0 0.00 0.00
795.0 351.0 0.00 0.00
807.0 351.0 0.00 0.00
984.0 351.0 0.00 0.00
1000.0 351.0 0.00 0.00
22.0 352.0 0.00 0.00
147.0 352.0 0.00 0.00
444.0 352.0 0.00 0.00
541.0 352.0 0.00 0.00
604.0 352.0 0.00 0.00
646.0 352.0 0.00 0.00
655.0 352.0 0.00 0.00
673.0 352.0 0.00 0.00
680.0 352.0 0.00 0.00
687.0 352.0 0.00 0.00
783.0 352.0 0.00 0.00
835.0 352.0 0.00 0.00
896.0 352.0 0.00 0.00
903.0 352.0 0.00 0.00
908.0 352.0 0.00 0.00
948.0 352.0 0.00 0.00
70.0 353.0 0.00 0.00
90.0 353.0 0.00 0.00
165.0 353.0 0.00 0.00
205.0 353.0 0.00 0.00
549.0 353.0 0.00 0.00
556.0 353.0 0.00 0.00
562.0 353.0 0.00 0.00
636.0 353.0 0.00 0.00
700.0 353.0 0.00 0.00
861.0 353.0 0.00 0.00
870.0 353.0 0.00 0.00
927.0 353.0 0.00 0.00
9.0 354.0 0.00 0.00
155.0 354.0 0.00 0.00
191.0 354.0 0.00 0.00
277.0 354.0 0.00 0.00
426.0 354.0 0.00 0.00
567.0 354.0 0.00 0.00
572.0 354.0 0.00 0.00
577.0 354.0 0.00 0.00
582.0 354.0 0.00 0.00
588.0 354.0 0.00 0.00
593.0 354.0 0.00 0.00
692.0 354.0 0.00 0.00
844.0 354.0 0.00 0.00
882.0 354.0 0.00 0.00
110.0 355.0 0.00 0.00
141.0 355.0 0.00 0.00
437.0 355.0 0.00 0.00
502.0 355.0 0.00 0.00
709.0 355.0 0.00 0.00
716.0 355.0 0.00 0.00
748.0 355.0 0.00 0.00
921.0 355.0 0.00 0.00
48.0 356.0 0.00 0.00
63.0 356.0 0.00 0.00
126.0 356.0 0.00 0.00
131.0 356.0 0.00 0.00
136.0 356.0 0.00 0.00
160.0 356.0 0.00 0.00
224.0 356.0 0.00 0.00
350.0 356.0 0.00 0.00
475.0 356.0 0.00 0.00
626.0 356.0 0.00 0.00
641.0 356.0 0.00 0.00
728.0 356.0 0.00 0.00
733.0 356.0 0.00 0.00
761.0 356.0 0.00 0.00
824.0 356.0 0.00 0.00
147.0 357.0 0.00 0.00
405.0 357.0 0.00 0.00
653.0 357.0 0.00 0.00
671.0 357.0 0.00 0.00
205.0 358.0 0.00 0.00
484.0 358.0 0.00 0.00
508.0 358.0 0.00 0.00
869.0 358.0 0.00 0.00
928.0 358.0 0.00 0.00
272.0 359.0 0.00 0.00
336.0 359.0 0.00 0.00
361.0 359.0 0.00 0.00
448.0 359.0 0.00 0.00
514.0 359.0 0.00 0.00
522.0 359.0 0.00 0.00
844.0 359.0 0.00 0.00
859.0 359.0 0.00 0.00
947.0 359.0 0.00 0.00
114.0 360.0 0.00 0.00
175.0 360.0 0.00 0.00
196.0 360.0 0.00 0.00
341.0 360.0 0.00 0.00
379.0 360.0 0.00 0.00
453.0 360.0 0.00 0.00
468.0 360.0 0.00 0.00
499.0 360.0 0.00 0.00
534.0 360.0 0.00 0.00
599.0 360.0 0.00 0.00
613.0 360.0 0.00 0.00
813.0 360.0 0.00 0.00
907.0 360.0 0.00 0.00
998.0 360.0 0.00 0.00
76.0 361.0 0.00 0.00
91.0 361.0 0.00 0.00
327.0 361.0 0.00 0.00
396.0 361.0 0.00 0.00
423.0 361.0 0.00 0.00
438.0 361.0 0.00 0.00
459.0 361.0 0.00 0.00
475.0 361.0 0.00 0.00
544.0 361.0 0.00 0.00
549.0 361.0 0.00 0.00
559.0 361.0 0.00 0.00
564.0 361.0 0.00 0.00
790.0 361.0 0.00 0.00
796.0 361.0 0.00 0.00
1003.0 361.0 0.00 0.00
262.0 362.0 0.00 0.00
314.0 362.0 0.00 0.00
430.0 362.0 0.00 0.00
644.0 362.0 0.00 0.00
670.0 362.0 0.00 0.00
992.0 362.0 0.00 0.00
55.0 363.0 0.00 0.00
570.0 363.0 0.00 0.00
575.0 363.0 0.00 0.00
580.0 363.0 0.00 0.00
635.0 363.0 0.00 0.00
650.0 363.0 0.00 0.00
655.0 363.0 0.00 0.00
664.0 363.0 0.00 0.00
868.0 363.0 0.00 0.00
919.0 363.0 0.00 0.00
17.0 364.0 0.00 0.00
147.0 364.0 0.00 0.00
170.0 364.0 0.00 0.00
586.0 364.0 0.00 0.00
591.0 364.0 0.00 0.00
621.0 364.0 0.00 0.00
677.0 364.0 0.00 0.00
858.0 364.0 0.00 0.00
946.0 364.0 0.00 0.00
114.0 365.0 0.00 0.00
124.0 365.0 0.00 0.00
196.0 365.0 0.00 0.00
369.0 365.0 0.00 0.00
449.0 365.0 0.00 0.00
454.0 365.0 0.00 0.00
491.0 365.0 0.00 0.00
909.0 365.0 0.00 0.00
93.0 366.0 0.00 0.00
109.0 366.0 0.00 0.00
129.0 366.0 0.00 0.00
240.0 366.0 0.00 0.00
459.0 366.0 0.00 0.00
475.0 366.0 0.00 0.00
555.0 366.0 0.00 0.00
560.0 366.0 0.00 0.00
685.0 366.0 0.00 0.00
721.0 366.0 0.00 0.00
762.0 366.0 0.00 0.00
789.0 366.0 0.00 0.00
826.0 366.0 0.00 0.00
62.0 367.0 0.00 0.00
98.0 367.0 0.00 0.00
103.0 367.0 0.00 0.00
152.0 367.0 0.00 0.00
205.0 367.0 0.00 0.00
496.0 367.0 0.00 0.00
690.0 367.0 0.00 0.00
714.0 367.0 0.00 0.00
930.0 367.0 0.00 0.00
992.0 367.0 0.00 0.00
56.0 368.0 0.00 0.00
215.0 368.0 0.00 0.00
290.0 368.0 0.00 0.00
314.0 368.0 0.00 0.00
573.0 368.0 0.00 0.00
696.0 368.0 0.00 0.00
706.0 368.0 0.00 0.00
746.0 368.0 0.00 0.00
844.0 368.0 0.00 0.00
918.0 368.0 0.00 0.00
38.0 369.0 0.00 0.00
88.0 369.0 0.00 0.00
384.0 369.0 0.00 0.00
467.0 369.0 0.00 0.00
501.0 369.0 0.00 0.00
543.0 369.0 0.00 0.00
625.0 369.0 0.00 0.00
653.0 369.0 0.00 0.00
701.0 369.0 0.00 0.00
726.0 369.0 0.00 0.00
800.0 369.0 0.00 0.00
272.0 370.0 0.00 0.00
404.0 370.0 0.00 0.00
607.0 370.0 0.00 0.00
779.0 370.0 0.00 0.00
867.0 370.0 0.00 0.00
51.0 371.0 0.00 0.00
140.0 371.0 0.00 0.00
357.0 371.0 0.00 0.00
397.0 371.0 0.00 0.00
510.0 371.0 0.00 0.00
517.0 371.0 0.00 0.00
530.0 371.0 0.00 0.00
553.0 371.0 0.00 0.00
558.0 371.0 0.00 0.00
581.0 371.0 0.00 0.00
645.0 371.0 0.00 0.00
789.0 371.0 0.00 0.00
997.0 371.0 0.00 0.00
186.0 372.0 0.00 0.00
204.0 372.0 0.00 0.00
371.0 372.0 0.00 0.00
493.0 372.0 0.00 0.00
522.0 372.0 0.00 0.00
563.0 372.0 0.00 0.00
568.0 372.0 0.00 0.00
637.0 372.0 0.00 0.00
679.0 372.0 0.00 0.00
814.0 372.0 0.00 0.00
974.0 372.0 0.00 0.00
8.0 373.0 0.00 0.00
16.0 373.0 0.00 0.00
72.0 373.0 0.00 0.00
77.0 373.0 0.00 0.00
117.0 373.0 0.00 0.00
260.0 373.0 0.00 0.00
314.0 373.0 0.00 0.00
548.0 373.0 0.00 0.00
586.0 373.0 0.00 0.00
591.0 373.0 0.00 0.00
632.0 373.0 0.00 0.00
888.0 373.0 0.00 0.00
979.0 373.0 0.00 0.00
88.0 374.0 0.00 0.00
125.0 374.0 0.00 0.00
386.0 374.0 0.00 0.00
437.0 374.0 0.00 0.00
455.0 374.0 0.00 0.00
461.0 374.0 0.00 0.00
543.0 374.0 0.00 0.00
858.0 374.0 0.00 0.00
984.0 374.0 0.00 0.00
989.0 374.0 0.00 0.00
449.0 375.0 0.00 0.00
474.0 375.0 0.00 0.00
574.0 375.0 0.00 0.00
598.0 375.0 0.00 0.00
607.0 375.0 0.00 0.00
714.0 375.0 0.00 0.00
778.0 375.0 0.00 0.00
940.0 375.0 0.00 0.00
1014.0 375.0 0.00 0.00
58.0 376.0 0.00 0.00
219.0 376.0 0.00 0.00
282.0 376.0 0.00 0.00
654.0 376.0 0.00 0.00
805.0 376.0 0.00 0.00
845.0 376.0 0.00 0.00
915.0 376.0 0.00 0.00
997.0 376.0 0.00 0.00
112.0 377.0 0.00 0.00
195.0 377.0 0.00 0.00
323.0 377.0 0.00 0.00
357.0 377.0 0.00 0.00
364.0 377.0 0.00 0.00
371.0 377.0 0.00 0.00
407.0 377.0 0.00 0.00
486.0 377.0 0.00 0.00
493.0 377.0 0.00 0.00
566.0 377.0 0.00 0.00
644.0 377.0 0.00 0.00
667.0 377.0 0.00 0.00
674.0 377.0 0.00 0.00
696.0 377.0 0.00 0.00
750.0 377.0 0.00 0.00
69.0 378.0 0.00 0.00
150.0 378.0 0.00 0.00
344.0 378.0 0.00 0.00
376.0 378.0 0.00 0.00
381.0 378.0 0.00 0.00
481.0 378.0 0.00 0.00
557.0 378.0 0.00 0.00
680.0 378.0 0.00 0.00
789.0 378.0 0.00 0.00
207.0 379.0 0.00 0.00
424.0 379.0 0.00 0.00
437.0 379.0 0.00 0.00
443.0 379.0 0.00 0.00
500.0 379.0 0.00 0.00
505.0 379.0 0.00 0.00
510.0 379.0 0.00 0.00
857.0 379.0 0.00 0.00
538.0 380.0 0.00 0.00
600.0 380.0 0.00 0.00
623.0 380.0 0.00 0.00
713.0 380.0 0.00 0.00
718.0 380.0 0.00 0.00
723.0 380.0 0.00 0.00
777.0 380.0 0.00 0.00
838.0 380.0 0.00 0.00
940.0 380.0 0.00 0.00
58.0 381.0 0.00 0.00
233.0 381.0 0.00 0.00
285.0 381.0 0.00 0.00
299.0 381.0 0.00 0.00
313.0 381.0 0.00 0.00
418.0 381.0 0.00 0.00
529.0 381.0 0.00 0.00
629.0 381.0 0.00 0.00
798.0 381.0 0.00 0.00
805.0 381.0 0.00 0.00
845.0 381.0 0.00 0.00
917.0 381.0 0.00 0.00
979.0 381.0 0.00 0.00
25.0 382.0 0.00 0.00
45.0 382.0 0.00 0.00
100.0 382.0 0.00 0.00
486.0 382.0 0.00 0.00
547.0 382.0 0.00 0.00
566.0 382.0 0.00 0.00
605.0 382.0 0.00 0.00
637.0 382.0 0.00 0.00
87.0 383.0 0.00 0.00
495.0 383.0 0.00 0.00
705.0 383.0 0.00 0.00
740.0 383.0 0.00 0.00
787.0 383.0 0.00 0.00
997.0 383.0 0.00 0.00
65.0 384.0 0.00 0.00
122.0 384.0 0.00 0.00
151.0 384.0 0.00 0.00
206.0 384.0 0.00 0.00
319.0 384.0 0.00 0.00
332.0 384.0 0.00 0.00
340.0 384.0 0.00 0.00
395.0 384.0 0.00 0.00
408.0 384.0 0.00 0.00
560.0 384.0 0.00 0.00
649.0 384.0 0.00 0.00
762.0 384.0 0.00 0.00
767.0 384.0 0.00 0.00
812.0 384.0 0.00 0.00
129.0 385.0 0.00 0.00
262.0 385.0 0.00 0.00
291.0 385.0 0.00 0.00
327.0 385.0 0.00 0.00
345.0 385.0 0.00 0.00
354.0 385.0 0.00 0.00
359.0 385.0 0.00 0.00
371.0 385.0 0.00 0.00
384.0 385.0 0.00 0.00
413.0 385.0 0.00 0.00
773.0 385.0 0.00 0.00
867.0 385.0 0.00 0.00
953.0 385.0 0.00 0.00
37.0 386.0 0.00 0.00
171.0 386.0 0.00 0.00
274.0 386.0 0.00 0.00
437.0 386.0 0.00 0.00
463.0 386.0 0.00 0.00
476.0 386.0 0.00 0.00
578.0 386.0 0.00 0.00
590.0 386.0 0.00 0.00
672.0 386.0 0.00 0.00
938.0 386.0 0.00 0.00
280.0 387.0 0.00 0.00
285.0 387.0 0.00 0.00
431.0 387.0 0.00 0.00
449.0 387.0 0.00 0.00
485.0 387.0 0.00 0.00
855.0 387.0 0.00 0.00
916.0 387.0 0.00 0.00
87.0 388.0 0.00 0.00
100.0 388.0 0.00 0.00
161.0 388.0 0.00 0.00
426.0 388.0 0.00 0.00
507.0 388.0 0.00 0.00
539.0 388.0 0.00 0.00
664.0 388.0 0.00 0.00
683.0 388.0 0.00 0.00
821.0 388.0 0.00 0.00
826.0 388.0 0.00 0.00
892.0 388.0 0.00 0.00
973.0 388.0 0.00 0.00
18.0 389.0 0.00 0.00
122.0 389.0 0.00 0.00
408.0 389.0 0.00 0.00
619.0 389.0 0.00 0.00
659.0 389.0 0.00 0.00
722.0 389.0 0.00 0.00
831.0 389.0 0.00 0.00
958.0 389.0 0.00 0.00
989.0 389.0 0.00 0.00
202.0 390.0 0.00 0.00
696.0 390.0 0.00 0.00
727.0 390.0 0.00 0.00
867.0 390.0 0.00 0.00
982.0 390.0 0.00 0.00
30.0 391.0 0.00 0.00
643.0 391.0 0.00 0.00
712.0 391.0 0.00 0.00
843.0 391.0 0.00 0.00
62.0 392.0 0.00 0.00
76.0 392.0 0.00 0.00
153.0 392.0 0.00 0.00
449.0 392.0 0.00 0.00
454.0 392.0 0.00 0.00
565.0 392.0 0.00 0.00
733.0 392.0 0.00 0.00
82.0 393.0 0.00 0.00
148.0 393.0 0.00 0.00
184.0 393.0 0.00 0.00
195.0 393.0 0.00 0.00
303.0 393.0 0.00 0.00
333.0 393.0 0.00 0.00
346.0 393.0 0.00 0.00
684.0 393.0 0.00 0.00
767.0 393.0 0.00 0.00
973.0 393.0 0.00 0.00
100.0 394.0 0.00 0.00
216.0 394.0 0.00 0.00
226.0 394.0 0.00 0.00
231.0 394.0 0.00 0.00
239.0 394.0 0.00 0.00
244.0 394.0 0.00 0.00
251.0 394.0 0.00 0.00
267.0 394.0 0.00 0.00
408.0 394.0 0.00 0.00
467.0 394.0 0.00 0.00
527.0 394.0 0.00 0.00
897.0 394.0 0.00 0.00
907.0 394.0 0.00 0.00
959.0 394.0 0.00 0.00
44.0 395.0 0.00 0.00
141.0 395.0 0.00 0.00
403.0 395.0 0.00 0.00
435.0 395.0 0.00 0.00
648.0 395.0 0.00 0.00
855.0 395.0 0.00 0.00
31.0 396.0 0.00 0.00
360.0 396.0 0.00 0.00
371.0 396.0 0.00 0.00
378.0 396.0 0.00 0.00
383.0 396.0 0.00 0.00
398.0 396.0 0.00 0.00
416.0 396.0 0.00 0.00
421.0 396.0 0.00 0.00
427.0 396.0 0.00 0.00
473.0 396.0 0.00 0.00
482.0 396.0 0.00 0.00
58.0 397.0 0.00 0.00
205.0 397.0 0.00 0.00
440.0 397.0 0.00 0.00
445.0 397.0 0.00 0.00
453.0 397.0 0.00 0.00
571.0 397.0 0.00 0.00
599.0 397.0 0.00 0.00
861.0 397.0 0.00 0.00
866.0 397.0 0.00 0.00
874.0 397.0 0.00 0.00
915.0 397.0 0.00 0.00
82.0 398.0 0.00 0.00
462.0 398.0 0.00 0.00
500.0 398.0 0.00 0.00
576.0 398.0 0.00 0.00
582.0 398.0 0.00 0.00
964.0 398.0 0.00 0.00
89.0 399.0 0.00 0.00
110.0 399.0 0.00 0.00
115.0 399.0 0.00 0.00
120.0 399.0 0.00 0.00
131.0 399.0 0.00 0.00
173.0 399.0 0.00 0.00
251.0 399.0 0.00 0.00
535.0 399.0 0.00 0.00
557.0 399.0 0.00 0.00
744.0 399.0 0.00 0.00
784.0 399.0 0.00 0.00
835.0 399.0 0.00 0.00
903.0 399.0 0.00 0.00
908.0 399.0 0.00 0.00
929.0 399.0 0.00 0.00
950.0 399.0 0.00 0.00
955.0 399.0 0.00 0.00
15.0 400.0 0.00 0.00
68.0 400.0 0.00 0.00
95.0 400.0 0.00 0.00
100.0 400.0 0.00 0.00
125.0 400.0 0.00 0.00
267.0 400.0 0.00 0.00
310.0 400.0 0.00 0.00
336.0 400.0 0.00 0.00
622.0 400.0 0.00 0.00
653.0 400.0 0.00 0.00
766.0 400.0 0.00 0.00
794.0 400.0 0.00 0.00
970.0 400.0 0.00 0.00
982.0 400.0 0.00 0.00
995.0 400.0 0.00 0.00
1006.0 400.0 0.00 0.00
378.0 401.0 0.00 0.00
422.0 401.0 0.00 0.00
547.0 401.0 0.00 0.00
604.0 401.0 0.00 0.00
689.0 401.0 0.00 0.00
209.0 402.0 0.00 0.00
214.0 402.0 0.00 0.00
520.0 402.0 0.00 0.00
676.0 402.0 0.00 0.00
716.0 402.0 0.00 0.00
729.0 402.0 0.00 0.00
866.0 402.0 0.00 0.00
871.0 402.0 0.00 0.00
914.0 402.0 0.00 0.00
28.0 403.0 0.00 0.00
59.0 403.0 0.00 0.00
77.0 403.0 0.00 0.00
572.0 403.0 0.00 0.00
660.0 403.0 0.00 0.00
808.0 403.0 0.00 0.00
111.0 404.0 0.00 0.00
409.0 404.0 0.00 0.00
707.0 404.0 0.00 0.00
823.0 404.0 0.00 0.00
921.0 404.0 0.00 0.00
153.0 405.0 0.00 0.00
202.0 405.0 0.00 0.00
226.0 405.0 0.00 0.00
267.0 405.0 0.00 0.00
274.0 405.0 0.00 0.00
279.0 405.0 0.00 0.00
294.0 405.0 0.00 0.00
299.0 405.0 0.00 0.00
312.0 405.0 0.00 0.00
436.0 405.0 0.00 0.00
453.0 405.0 0.00 0.00
461.0 405.0 0.00 0.00
474.0 405.0 0.00 0.00
491.0 405.0 0.00 0.00
529.0 405.0 0.00 0.00
622.0 405.0 0.00 0.00
635.0 405.0 0.00 0.00
649.0 405.0 0.00 0.00
669.0 405.0 0.00 0.00
1006.0 405.0 0.00 0.00
1015.0 405.0 0.00 0.00
240.0 406.0 0.00 0.00
289.0 406.0 0.00 0.00
318.0 406.0 0.00 0.00
422.0 406.0 0.00 0.00
446.0 406.0 0.00 0.00
515.0 406.0 0.00 0.00
546.0 406.0 0.00 0.00
604.0 406.0 0.00 0.00
877.0 406.0 0.00 0.00
909.0 406.0 0.00 0.00
18.0 407.0 0.00 0.00
195.0 407.0 0.00 0.00
214.0 407.0 0.00 0.00
340.0 407.0 0.00 0.00
345.0 407.0 0.00 0.00
351.0 407.0 0.00 0.00
357.0 407.0 0.00 0.00
362.0 407.0 0.00 0.00
371.0 407.0 0.00 0.00
757.0 407.0 0.00 0.00
847.0 407.0 0.00 0.00
903.0 407.0 0.00 0.00
962.0 407.0 0.00 0.00
41.0 408.0 0.00 0.00
328.0 408.0 0.00 0.00
661.0 408.0 0.00 0.00
729.0 408.0 0.00 0.00
865.0 408.0 0.00 0.00
952.0 408.0 0.00 0.00
957.0 408.0 0.00 0.00
967.0 408.0 0.00 0.00
135.0 409.0 0.00 0.00
166.0 409.0 0.00 0.00
190.0 409.0 0.00 0.00
387.0 409.0 0.00 0.00
428.0 409.0 0.00 0.00
485.0 409.0 0.00 0.00
706.0 409.0 0.00 0.00
718.0 409.0 0.00 0.00
723.0 409.0 0.00 0.00
920.0 409.0 0.00 0.00
947.0 409.0 0.00 0.00
8.0 410.0 0.00 0.00
114.0 410.0 0.00 0.00
157.0 410.0 0.00 0.00
416.0 410.0 0.00 0.00
455.0 410.0 0.00 0.00
474.0 410.0 0.00 0.00
623.0 410.0 0.00 0.00
628.0 410.0 0.00 0.00
636.0 410.0 0.00 0.00
688.0 410.0 0.00 0.00
693.0 410.0 0.00 0.00
766.0 410.0 0.00 0.00
1015.0 410.0 0.00 0.00
125.0 411.0 0.00 0.00
240.0 411.0 0.00 0.00
289.0 411.0 0.00 0.00
421.0 411.0 0.00 0.00
502.0 411.0 0.00 0.00
530.0 411.0 0.00 0.00
546.0 411.0 0.00 0.00
551.0 411.0 0.00 0.00
566.0 411.0 0.00 0.00
580.0 411.0 0.00 0.00
604.0 411.0 0.00 0.00
650.0 411.0 0.00 0.00
777.0 411.0 0.00 0.00
940.0 411.0 0.00 0.00
53.0 412.0 0.00 0.00
79.0 412.0 0.00 0.00
96.0 412.0 0.00 0.00
179.0 412.0 0.00 0.00
214.0 412.0 0.00 0.00
266.0 412.0 0.00 0.00
335.0 412.0 0.00 0.00
541.0 412.0 0.00 0.00
585.0 412.0 0.00 0.00
590.0 412.0 0.00 0.00
735.0 412.0 0.00 0.00
756.0 412.0 0.00 0.00
857.0 412.0 0.00 0.00
398.0 413.0 0.00 0.00
642.0 413.0 0.00 0.00
655.0 413.0 0.00 0.00
672.0 413.0 0.00 0.00
677.0 413.0 0.00 0.00
728.0 413.0 0.00 0.00
136.0 414.0 0.00 0.00
167.0 414.0 0.00 0.00
191.0 414.0 0.00 0.00
201.0 414.0 0.00 0.00
322.0 414.0 0.00 0.00
392.0 414.0 0.00 0.00
468.0 414.0 0.00 0.00
486.0 414.0 0.00 0.00
613.0 414.0 0.00 0.00
662.0 414.0 0.00 0.00
683.0 414.0 0.00 0.00
928.0 414.0 0.00 0.00
155.0 415.0 0.00 0.00
309.0 415.0 0.00 0.00
456.0 415.0 0.00 0.00
512.0 415.0 0.00 0.00
628.0 415.0 0.00 0.00
990.0 415.0 0.00 0.00
1015.0 415.0 0.00 0.00
239.0 416.0 0.00 0.00
258.0 416.0 0.00 0.00
291.0 416.0 0.00 0.00
414.0 416.0 0.00 0.00
517.0 416.0 0.00 0.00
546.0 416.0 0.00 0.00
603.0 416.0 0.00 0.00
648.0 416.0 0.00 0.00
773.0 416.0 0.00 0.00
278.0 417.0 0.00 0.00
419.0 417.0 0.00 0.00
441.0 417.0 0.00 0.00
531.0 417.0 0.00 0.00
768.0 417.0 0.00 0.00
857.0 417.0 0.00 0.00
939.0 417.0 0.00 0.00
976.0 417.0 0.00 0.00
1006.0 417.0 0.00 0.00
24.0 418.0 0.00 0.00
174.0 418.0 0.00 0.00
270.0 418.0 0.00 0.00
317.0 418.0 0.00 0.00
570.0 418.0 0.00 0.00
593.0 418.0 0.00 0.00
598.0 418.0 0.00 0.00
850.0 418.0 0.00 0.00
95.0 419.0 0.00 0.00
116.0 419.0 0.00 0.00
169.0 419.0 0.00 0.00
190.0 419.0 0.00 0.00
214.0 419.0 0.00 0.00
250.0 419.0 0.00 0.00
265.0 419.0 0.00 0.00
370.0 419.0 0.00 0.00
429.0 419.0 0.00 0.00
469.0 419.0 0.00 0.00
474.0 419.0 0.00 0.00
479.0 419.0 0.00 0.00
484.0 419.0 0.00 0.00
663.0 419.0 0.00 0.00
704.0 419.0 0.00 0.00
725.0 419.0 0.00 0.00
821.0 419.0 0.00 0.00
840.0 419.0 0.00 0.00
845.0 419.0 0.00 0.00
123.0 420.0 0.00 0.00
309.0 420.0 0.00 0.00
385.0 420.0 0.00 0.00
504.0 420.0 0.00 0.00
734.0 420.0 0.00 0.00
752.0 420.0 0.00 0.00
829.0 420.0 0.00 0.00
865.0 420.0 0.00 0.00
154.0 421.0 0.00 0.00
342.0 421.0 0.00 0.00
409.0 421.0 0.00 0.00
584.0 421.0 0.00 0.00
628.0 421.0 0.00 0.00
647.0 421.0 0.00 0.00
763.0 421.0 0.00 0.00
882.0 421.0 0.00 0.00
196.0 422.0 0.00 0.00
278.0 422.0 0.00 0.00
356.0 422.0 0.00 0.00
512.0 422.0 0.00 0.00
609.0 422.0 0.00 0.00
804.0 422.0 0.00 0.00
857.0 422.0 0.00 0.00
968.0 422.0 0.00 0.00
23.0 423.0 0.00 0.00
77.0 423.0 0.00 0.00
177.0 423.0 0.00 0.00
317.0 423.0 0.00 0.00
375.0 423.0 0.00 0.00
461.0 423.0 0.00 0.00
620.0 423.0 0.00 0.00
985.0 423.0 0.00 0.00
8.0 424.0 0.00 0.00
45.0 424.0 0.00 0.00
50.0 424.0 0.00 0.00
117.0 424.0 0.00 0.00
214.0 424.0 0.00 0.00
264.0 424.0 0.00 0.00
484.0 424.0 0.00 0.00
687.0 424.0 0.00 0.00
912.0 424.0 0.00 0.00
32.0 425.0 0.00 0.00
37.0 425.0 0.00 0.00
82.0 425.0 0.00 0.00
334.0 425.0 0.00 0.00
397.0 425.0 0.00 0.00
523.0 425.0 0.00 0.00
789.0 425.0 0.00 0.00
829.0 425.0 0.00 0.00
890.0 425.0 0.00 0.00
940.0 425.0 0.00 0.00
1004.0 425.0 0.00 0.00
137.0 426.0 0.00 0.00
392.0 426.0 0.00 0.00
500.0 426.0 0.00 0.00
517.0 426.0 0.00 0.00
596.0 426.0 0.00 0.00
662.0 426.0 0.00 0.00
771.0 426.0 0.00 0.00
902.0 426.0 0.00 0.00
927.0 426.0 0.00 0.00
958.0 426.0 0.00 0.00
66.0 427.0 0.00 0.00
96.0 427.0 0.00 0.00
162.0 427.0 0.00 0.00
278.0 427.0 0.00 0.00
853.0 427.0 0.00 0.00
122.0 428.0 0.00 0.00
376.0 428.0 0.00 0.00
416.0 428.0 0.00 0.00
429.0 428.0 0.00 0.00
477.0 428.0 0.00 0.00
805.0 428.0 0.00 0.00
23.0 429.0 0.00 0.00
43.0 429.0 0.00 0.00
88.0 429.0 0.00 0.00
112.0 429.0 0.00 0.00
117.0 429.0 0.00 0.00
214.0 429.0 0.00 0.00
227.0 429.0 0.00 0.00
270.0 429.0 0.00 0.00
293.0 429.0 0.00 0.00
18.0 430.0 0.00 0.00
30.0 430.0 0.00 0.00
83.0 430.0 0.00 0.00
146.0 430.0 0.00 0.00
309.0 430.0 0.00 0.00
472.0 430.0 0.00 0.00
505.0 430.0 0.00 0.00
544.0 430.0 0.00 0.00
716.0 430.0 0.00 0.00
780.0 430.0 0.00 0.00
829.0 430.0 0.00 0.00
976.0 430.0 0.00 0.00
1003.0 430.0 0.00 0.00
300.0 431.0 0.00 0.00
320.0 431.0 0.00 0.00
329.0 431.0 0.00 0.00
334.0 431.0 0.00 0.00
466.0 431.0 0.00 0.00
536.0 431.0 0.00 0.00
652.0 431.0 0.00 0.00
671.0 431.0 0.00 0.00
734.0 431.0 0.00 0.00
819.0 431.0 0.00 0.00
927.0 431.0 0.00 0.00
58.0 432.0 0.00 0.00
354.0 432.0 0.00 0.00
617.0 432.0 0.00 0.00
661.0 432.0 0.00 0.00
789.0 432.0 0.00 0.00
863.0 432.0 0.00 0.00
897.0 432.0 0.00 0.00
991.0 432.0 0.00 0.00
238.0 433.0 0.00 0.00
251.0 433.0 0.00 0.00
257.0 433.0 0.00 0.00
339.0 433.0 0.00 0.00
370.0 433.0 0.00 0.00
375.0 433.0 0.00 0.00
477.0 433.0 0.00 0.00
886.0 433.0 0.00 0.00
185.0 434.0 0.00 0.00
270.0 434.0 0.00 0.00
634.0 434.0 0.00 0.00
640.0 434.0 0.00 0.00
645.0 434.0 0.00 0.00
82.0 435.0 0.00 0.00
132.0 435.0 0.00 0.00
143.0 435.0 0.00 0.00
190.0 435.0 0.00 0.00
198.0 435.0 0.00 0.00
283.0 435.0 0.00 0.00
430.0 435.0 0.00 0.00
723.0 435.0 0.00 0.00
857.0 435.0 0.00 0.00
49.0 436.0 0.00 0.00
121.0 436.0 0.00 0.00
126.0 436.0 0.00 0.00
171.0 436.0 0.00 0.00
176.0 436.0 0.00 0.00
301.0 436.0 0.00 0.00
450.0 436.0 0.00 0.00
508.0 436.0 0.00 0.00
586.0 436.0 0.00 0.00
682.0 436.0 0.00 0.00
733.0 436.0 0.00 0.00
903.0 436.0 0.00 0.00
928.0 436.0 0.00 0.00
57.0 437.0 0.00 0.00
523.0 437.0 0.00 0.00
617.0 437.0 0.00 0.00
661.0 437.0 0.00 0.00
219.0 438.0 0.00 0.00
236.0 438.0 0.00 0.00
241.0 438.0 0.00 0.00
291.0 438.0 0.00 0.00
306.0 438.0 0.00 0.00
340.0 438.0 0.00 0.00
393.0 438.0 0.00 0.00
804.0 438.0 0.00 0.00
204.0 439.0 0.00 0.00
270.0 439.0 0.00 0.00
313.0 439.0 0.00 0.00
591.0 439.0 0.00 0.00
634.0 439.0 0.00 0.00
754.0 439.0 0.00 0.00
134.0 440.0 0.00 0.00
190.0 440.0 0.00 0.00
333.0 440.0 0.00 0.00
349.0 440.0 0.00 0.00
474.0 440.0 0.00 0.00
857.0 440.0 0.00 0.00
996.0 440.0 0.00 0.00
106.0 441.0 0.00 0.00
682.0 441.0 0.00 0.00
733.0 441.0 0.00 0.00
57.0 442.0 0.00 0.00
257.0 442.0 0.00 0.00
262.0 442.0 0.00 0.00
671.0 442.0 0.00 0.00
828.0 442.0 0.00 0.00
839.0 442.0 0.00 0.00
1015.0 442.0 0.00 0.00
39.0 443.0 0.00 0.00
234.0 443.0 0.00 0.00
302.0 443.0 0.00 0.00
567.0 443.0 0.00 0.00
572.0 443.0 0.00 0.00
90.0 444.0 0.00 0.00
95.0 444.0 0.00 0.00
195.0 444.0 0.00 0.00
219.0 444.0 0.00 0.00
282.0 444.0 0.00 0.00
291.0 444.0 0.00 0.00
369.0 444.0 0.00 0.00
374.0 444.0 0.00 0.00
594.0 444.0 0.00 0.00
634.0 444.0 0.00 0.00
711.0 444.0 0.00 0.00
770.0 444.0 0.00 0.00
813.0 444.0 0.00 0.00
862.0 444.0 0.00 0.00
8.0 445.0 0.00 0.00
13.0 445.0 0.00 0.00
18.0 445.0 0.00 0.00
51.0 445.0 0.00 0.00
78.0 445.0 0.00 0.00
190.0 445.0 0.00 0.00
458.0 445.0 0.00 0.00
625.0 445.0 0.00 0.00
857.0 445.0 0.00 0.00
869.0 445.0 0.00 0.00
874.0 445.0 0.00 0.00
995.0 445.0 0.00 0.00
651.0 446.0 0.00 0.00
681.0 446.0 0.00 0.00
159.0 447.0 0.00 0.00
257.0 447.0 0.00 0.00
453.0 447.0 0.00 0.00
656.0 447.0 0.00 0.00
671.0 447.0 0.00 0.00
847.0 447.0 0.00 0.00
122.0 448.0 0.00 0.00
379.0 448.0 0.00 0.00
421.0 448.0 0.00 0.00
571.0 448.0 0.00 0.00
661.0 448.0 0.00 0.00
820.0 448.0 0.00 0.00
28.0 449.0 0.00 0.00
371.0 449.0 0.00 0.00
384.0 449.0 0.00 0.00
723.0 449.0 0.00 0.00
742.0 449.0 0.00 0.00
786.0 449.0 0.00 0.00
8.0 450.0 0.00 0.00
48.0 450.0 0.00 0.00
143.0 450.0 0.00 0.00
290.0 450.0 0.00 0.00
302.0 450.0 0.00 0.00
458.0 450.0 0.00 0.00
535.0 450.0 0.00 0.00
64.0 451.0 0.00 0.00
241.0 451.0 0.00 0.00
268.0 451.0 0.00 0.00
798.0 451.0 0.00 0.00
807.0 451.0 0.00 0.00
858.0 451.0 0.00 0.00
927.0 451.0 0.00 0.00
204.0 452.0 0.00 0.00
401.0 452.0 0.00 0.00
453.0 452.0 0.00 0.00
668.0 452.0 0.00 0.00
830.0 452.0 0.00 0.00
850.0 452.0 0.00 0.00
982.0 452.0 0.00 0.00
102.0 453.0 0.00 0.00
176.0 453.0 0.00 0.00
422.0 453.0 0.00 0.00
437.0 453.0 0.00 0.00
572.0 453.0 0.00 0.00
823.0 453.0 0.00 0.00
915.0 453.0 0.00 0.00
81.0 454.0 0.00 0.00
218.0 454.0 0.00 0.00
256.0 454.0 0.00 0.00
428.0 454.0 0.00 0.00
582.0 454.0 0.00 0.00
818.0 454.0 0.00 0.00
884.0 454.0 0.00 0.00
993.0 454.0 0.00 0.00
8.0 455.0 0.00 0.00
59.0 455.0 0.00 0.00
86.0 455.0 0.00 0.00
132.0 455.0 0.00 0.00
144.0 455.0 0.00 0.00
165.0 455.0 0.00 0.00
232.0 455.0 0.00 0.00
289.0 455.0 0.00 0.00
294.0 455.0 0.00 0.00
303.0 455.0 0.00 0.00
555.0 455.0 0.00 0.00
633.0 455.0 0.00 0.00
837.0 455.0 0.00 0.00
29.0 456.0 0.00 0.00
44.0 456.0 0.00 0.00
51.0 456.0 0.00 0.00
153.0 456.0 0.00 0.00
247.0 456.0 0.00 0.00
321.0 456.0 0.00 0.00
415.0 456.0 0.00 0.00
613.0 456.0 0.00 0.00
619.0 456.0 0.00 0.00
708.0 456.0 0.00 0.00
732.0 456.0 0.00 0.00
855.0 456.0 0.00 0.00
927.0 456.0 0.00 0.00
74.0 457.0 0.00 0.00
195.0 457.0 0.00 0.00
280.0 457.0 0.00 0.00
368.0 457.0 0.00 0.00
684.0 457.0 0.00 0.00
744.0 457.0 0.00 0.00
972.0 457.0 0.00 0.00
97.0 458.0 0.00 0.00
102.0 458.0 0.00 0.00
209.0 458.0 0.00 0.00
373.0 458.0 0.00 0.00
591.0 458.0 0.00 0.00
603.0 458.0 0.00 0.00
646.0 458.0 0.00 0.00
845.0 458.0 0.00 0.00
108.0 459.0 0.00 0.00
113.0 459.0 0.00 0.00
188.0 459.0 0.00 0.00
256.0 459.0 0.00 0.00
332.0 459.0 0.00 0.00
749.0 459.0 0.00 0.00
288.0 460.0 0.00 0.00
293.0 460.0 0.00 0.00
378.0 460.0 0.00 0.00
566.0 460.0 0.00 0.00
754.0 460.0 0.00 0.00
759.0 460.0 0.00 0.00
794.0 460.0 0.00 0.00
888.0 460.0 0.00 0.00
51.0 461.0 0.00 0.00
142.0 461.0 0.00 0.00
383.0 461.0 0.00 0.00
389.0 461.0 0.00 0.00
826.0 461.0 0.00 0.00
851.0 461.0 0.00 0.00
1010.0 461.0 0.00 0.00
13.0 462.0 0.00 0.00
122.0 462.0 0.00 0.00
840.0 462.0 0.00 0.00
971.0 462.0 0.00 0.00
97.0 463.0 0.00 0.00
217.0 463.0 0.00 0.00
266.0 463.0 0.00 0.00
357.0 463.0 0.00 0.00
835.0 463.0 0.00 0.00
59.0 464.0 0.00 0.00
225.0 464.0 0.00 0.00
230.0 464.0 0.00 0.00
321.0 464.0 0.00 0.00
337.0 464.0 0.00 0.00
409.0 464.0 0.00 0.00
649.0 464.0 0.00 0.00
903.0 464.0 0.00 0.00
64.0 465.0 0.00 0.00
131.0 465.0 0.00 0.00
759.0 465.0 0.00 0.00
923.0 465.0 0.00 0.00
928.0 465.0 0.00 0.00
982.0 465.0 0.00 0.00
49.0 466.0 0.00 0.00
143.0 466.0 0.00 0.00
187.0 466.0 0.00 0.00
258.0 466.0 0.00 0.00
297.0 466.0 0.00 0.00
303.0 466.0 0.00 0.00
367.0 466.0 0.00 0.00
388.0 466.0 0.00 0.00
515.0 466.0 0.00 0.00
767.0 466.0 0.00 0.00
814.0 466.0 0.00 0.00
880.0 466.0 0.00 0.00
885.0 466.0 0.00 0.00
913.0 466.0 0.00 0.00
1009.0 466.0 0.00 0.00
73.0 467.0 0.00 0.00
82.0 467.0 0.00 0.00
247.0 467.0 0.00 0.00
840.0 467.0 0.00 0.00
862.0 467.0 0.00 0.00
898.0 467.0 0.00 0.00
972.0 467.0 0.00 0.00
1015.0 467.0 0.00 0.00
39.0 468.0 0.00 0.00
94.0 468.0 0.00 0.00
151.0 468.0 0.00 0.00
850.0 468.0 0.00 0.00
938.0 468.0 0.00 0.00
944.0 468.0 0.00 0.00
949.0 468.0 0.00 0.00
954.0 468.0 0.00 0.00
963.0 468.0 0.00 0.00
1003.0 468.0 0.00 0.00
230.0 469.0 0.00 0.00
253.0 469.0 0.00 0.00
279.0 469.0 0.00 0.00
856.0 469.0 0.00 0.00
933.0 469.0 0.00 0.00
166.0 470.0 0.00 0.00
177.0 470.0 0.00 0.00
200.0 470.0 0.00 0.00
288.0 470.0 0.00 0.00
374.0 470.0 0.00 0.00
568.0 470.0 0.00 0.00
908.0 470.0 0.00 0.00
919.0 470.0 0.00 0.00
928.0 470.0 0.00 0.00
993.0 470.0 0.00 0.00
10.0 471.0 0.00 0.00
31.0 471.0 0.00 0.00
143.0 471.0 0.00 0.00
156.0 471.0 0.00 0.00
161.0 471.0 0.00 0.00
387.0 471.0 0.00 0.00
681.0 471.0 0.00 0.00
691.0 471.0 0.00 0.00
732.0 471.0 0.00 0.00
767.0 471.0 0.00 0.00
845.0 471.0 0.00 0.00
26.0 472.0 0.00 0.00
84.0 472.0 0.00 0.00
246.0 472.0 0.00 0.00
355.0 472.0 0.00 0.00
532.0 472.0 0.00 0.00
665.0 472.0 0.00 0.00
754.0 472.0 0.00 0.00
840.0 472.0 0.00 0.00
896.0 472.0 0.00 0.00
66.0 473.0 0.00 0.00
312.0 473.0 0.00 0.00
408.0 473.0 0.00 0.00
451.0 473.0 0.00 0.00
652.0 473.0 0.00 0.00
791.0 473.0 0.00 0.00
74.0 474.0 0.00 0.00
79.0 474.0 0.00 0.00
103.0 474.0 0.00 0.00
111.0 474.0 0.00 0.00
216.0 474.0 0.00 0.00
273.0 474.0 0.00 0.00
364.0 474.0 0.00 0.00
475.0 474.0 0.00 0.00
644.0 474.0 0.00 0.00
705.0 474.0 0.00 0.00
775.0 474.0 0.00 0.00
876.0 474.0 0.00 0.00
961.0 474.0 0.00 0.00
55.0 475.0 0.00 0.00
60.0 475.0 0.00 0.00
124.0 475.0 0.00 0.00
129.0 475.0 0.00 0.00
301.0 475.0 0.00 0.00
334.0 475.0 0.00 0.00
850.0 475.0 0.00 0.00
868.0 475.0 0.00 0.00
907.0 475.0 0.00 0.00
912.0 475.0 0.00 0.00
919.0 475.0 0.00 0.00
144.0 476.0 0.00 0.00
149.0 476.0 0.00 0.00
322.0 476.0 0.00 0.00
374.0 476.0 0.00 0.00
612.0 476.0 0.00 0.00
719.0 476.0 0.00 0.00
732.0 476.0 0.00 0.00
941.0 476.0 0.00 0.00
35.0 477.0 0.00 0.00
84.0 477.0 0.00 0.00
92.0 477.0 0.00 0.00
195.0 477.0 0.00 0.00
245.0 477.0 0.00 0.00
354.0 477.0 0.00 0.00
558.0 477.0 0.00 0.00
572.0 477.0 0.00 0.00
588.0 477.0 0.00 0.00
604.0 477.0 0.00 0.00
859.0 477.0 0.00 0.00
931.0 477.0 0.00 0.00
973.0 477.0 0.00 0.00
65.0 478.0 0.00 0.00
308.0 478.0 0.00 0.00
348.0 478.0 0.00 0.00
782.0 478.0 0.00 0.00
889.0 478.0 0.00 0.00
924.0 478.0 0.00 0.00
79.0 479.0 0.00 0.00
135.0 479.0 0.00 0.00
200.0 479.0 0.00 0.00
295.0 479.0 0.00 0.00
343.0 479.0 0.00 0.00
884.0 479.0 0.00 0.00
962.0 479.0 0.00 0.00
992.0 479.0 0.00 0.00
54.0 480.0 0.00 0.00
60.0 480.0 0.00 0.00
272.0 480.0 0.00 0.00
772.0 480.0 0.00 0.00
905.0 480.0 0.00 0.00
952.0 480.0 0.00 0.00
967.0 480.0 0.00 0.00
373.0 481.0 0.00 0.00
394.0 481.0 0.00 0.00
690.0 481.0 0.00 0.00
957.0 481.0 0.00 0.00
70.0 482.0 0.00 0.00
101.0 482.0 0.00 0.00
151.0 482.0 0.00 0.00
167.0 482.0 0.00 0.00
424.0 482.0 0.00 0.00
653.0 482.0 0.00 0.00
743.0 482.0 0.00 0.00
972.0 482.0 0.00 0.00
1014.0 482.0 0.00 0.00
96.0 483.0 0.00 0.00
122.0 483.0 0.00 0.00
127.0 483.0 0.00 0.00
206.0 483.0 0.00 0.00
233.0 483.0 0.00 0.00
265.0 483.0 0.00 0.00
642.0 483.0 0.00 0.00
850.0 483.0 0.00 0.00
855.0 483.0 0.00 0.00
48.0 484.0 0.00 0.00
116.0 484.0 0.00 0.00
313.0 484.0 0.00 0.00
338.0 484.0 0.00 0.00
530.0 484.0 0.00 0.00
790.0 484.0 0.00 0.00
8.0 485.0 0.00 0.00
23.0 485.0 0.00 0.00
54.0 485.0 0.00 0.00
194.0 485.0 0.00 0.00
355.0 485.0 0.00 0.00
437.0 485.0 0.00 0.00
733.0 485.0 0.00 0.00
842.0 485.0 0.00 0.00
870.0 485.0 0.00 0.00
910.0 485.0 0.00 0.00
132.0 486.0 0.00 0.00
218.0 486.0 0.00 0.00
368.0 486.0 0.00 0.00
373.0 486.0 0.00 0.00
946.0 486.0 0.00 0.00
41.0 487.0 0.00 0.00
59.0 487.0 0.00 0.00
247.0 487.0 0.00 0.00
298.0 487.0 0.00 0.00
556.0 487.0 0.00 0.00
716.0 487.0 0.00 0.00
860.0 487.0 0.00 0.00
880.0 487.0 0.00 0.00
960.0 487.0 0.00 0.00
991.0 487.0 0.00 0.00
270.0 488.0 0.00 0.00
900.0 488.0 0.00 0.00
967.0 488.0 0.00 0.00
78.0 489.0 0.00 0.00
175.0 489.0 0.00 0.00
382.0 489.0 0.00 0.00
572.0 489.0 0.00 0.00
110.0 490.0 0.00 0.00
451.0 490.0 0.00 0.00
668.0 490.0 0.00 0.00
681.0 490.0 0.00 0.00
802.0 490.0 0.00 0.00
840.0 490.0 0.00 0.00
889.0 490.0 0.00 0.00
973.0 490.0 0.00 0.00
103.0 491.0 0.00 0.00
131.0 491.0 0.00 0.00
580.0 491.0 0.00 0.00
765.0 491.0 0.00 0.00
825.0 491.0 0.00 0.00
41.0 492.0 0.00 0.00
60.0 492.0 0.00 0.00
66.0 492.0 0.00 0.00
693.0 492.0 0.00 0.00
860.0 492.0 0.00 0.00
992.0 492.0 0.00 0.00
88.0 493.0 0.00 0.00
319.0 493.0 0.00 0.00
353.0 493.0 0.00 0.00
530.0 493.0 0.00 0.00
712.0 493.0 0.00 0.00
927.0 493.0 0.00 0.00
946.0 493.0 0.00 0.00
213.0 494.0 0.00 0.00
707.0 494.0 0.00 0.00
1000.0 494.0 0.00 0.00
75.0 495.0 0.00 0.00
108.0 495.0 0.00 0.00
113.0 495.0 0.00 0.00
118.0 495.0 0.00 0.00
231.0 495.0 0.00 0.00
435.0 495.0 0.00 0.00
890.0 495.0 0.00 0.00
1015.0 495.0 0.00 0.00
247.0 496.0 0.00 0.00
411.0 496.0 0.00 0.00
832.0 496.0 0.00 0.00
837.0 496.0 0.00 0.00
39.0 497.0 0.00 0.00
47.0 497.0 0.00 0.00
66.0 497.0 0.00 0.00
269.0 497.0 0.00 0.00
274.0 497.0 0.00 0.00
623.0 497.0 0.00 0.00
629.0 497.0 0.00 0.00
637.0 497.0 0.00 0.00
642.0 497.0 0.00 0.00
652.0 497.0 0.00 0.00
686.0 497.0 0.00 0.00
862.0 497.0 0.00 0.00
979.0 497.0 0.00 0.00
1010.0 497.0 0.00 0.00
80.0 498.0 0.00 0.00
282.0 498.0 0.00 0.00
361.0 498.0 0.00 0.00
366.0 498.0 0.00 0.00
717.0 498.0 0.00 0.00
742.0 498.0 0.00 0.00
810.0 498.0 0.00 0.00
958.0 498.0 0.00 0.00
11.0 499.0 0.00 0.00
216.0 499.0 0.00 0.00
263.0 499.0 0.00 0.00
396.0 499.0 0.00 0.00
507.0 499.0 0.00 0.00
737.0 499.0 0.00 0.00
166.0 500.0 0.00 0.00
201.0 500.0 0.00 0.00
453.0 500.0 0.00 0.00
574.0 500.0 0.00 0.00
732.0 500.0 0.00 0.00
816.0 500.0 0.00 0.00
846.0 500.0 0.00 0.00
16.0 501.0 0.00 0.00
58.0 501.0 0.00 0.00
125.0 501.0 0.00 0.00
147.0 501.0 0.00 0.00
247.0 501.0 0.00 0.00
664.0 501.0 0.00 0.00
949.0 501.0 0.00 0.00
23.0 502.0 0.00 0.00
97.0 502.0 0.00 0.00
106.0 502.0 0.00 0.00
176.0 502.0 0.00 0.00
231.0 502.0 0.00 0.00
532.0 502.0 0.00 0.00
546.0 502.0 0.00 0.00
613.0 502.0 0.00 0.00
841.0 502.0 0.00 0.00
903.0 502.0 0.00 0.00
980.0 502.0 0.00 0.00
111.0 503.0 0.00 0.00
268.0 503.0 0.00 0.00
283.0 503.0 0.00 0.00
288.0 503.0 0.00 0.00
361.0 503.0 0.00 0.00
385.0 503.0 0.00 0.00
391.0 503.0 0.00 0.00
427.0 503.0 0.00 0.00
722.0 503.0 0.00 0.00
744.0 503.0 0.00 0.00
803.0 503.0 0.00 0.00
216.0 504.0 0.00 0.00
278.0 504.0 0.00 0.00
314.0 504.0 0.00 0.00
329.0 504.0 0.00 0.00
414.0 504.0 0.00 0.00
568.0 504.0 0.00 0.00
594.0 504.0 0.00 0.00
702.0 504.0 0.00 0.00
709.0 504.0 0.00 0.00
920.0 504.0 0.00 0.00
991.0 504.0 0.00 0.00
80.0 505.0 0.00 0.00
309.0 505.0 0.00 0.00
409.0 505.0 0.00 0.00
573.0 505.0 0.00 0.00
59.0 506.0 0.00 0.00
68.0 506.0 0.00 0.00
88.0 506.0 0.00 0.00
139.0 506.0 0.00 0.00
404.0 506.0 0.00 0.00
751.0 506.0 0.00 0.00
825.0 506.0 0.00 0.00
861.0 506.0 0.00 0.00
42.0 507.0 0.00 0.00
47.0 507.0 0.00 0.00
232.0 507.0 0.00 0.00
304.0 507.0 0.00 0.00
396.0 507.0 0.00 0.00
522.0 507.0 0.00 0.00
613.0 507.0 0.00 0.00
830.0 507.0 0.00 0.00
849.0 507.0 0.00 0.00
963.0 507.0 0.00 0.00
982.0 507.0 0.00 0.00
195.0 508.0 0.00 0.00
268.0 508.0 0.00 0.00
389.0 508.0 0.00 0.00
426.0 508.0 0.00 0.00
802.0 508.0 0.00 0.00
927.0 508.0 0.00 0.00
96.0 509.0 0.00 0.00
133.0 509.0 0.00 0.00
349.0 509.0 0.00 0.00
377.0 509.0 0.00 0.00
534.0 509.0 0.00 0.00
688.0 509.0 0.00 0.00
35.0 510.0 0.00 0.00
81.0 510.0 0.00 0.00
153.0 510.0 0.00 0.00
258.0 510.0 0.00 0.00
434.0 510.0 0.00 0.00
459.0 510.0 0.00 0.00
555.0 510.0 0.00 0.00
87.0 511.0 0.00 0.00
105.0 511.0 0.00 0.00
158.0 511.0 0.00 0.00
439.0 511.0 0.00 0.00
618.0 511.0 0.00 0.00
647.0 511.0 0.00 0.00
673.0 511.0 0.00 0.00
739.0 511.0 0.00 0.00
763.0 511.0 0.00 0.00
891.0 511.0 0.00 0.00
68.0 512.0 0.00 0.00
173.0 512.0 0.00 0.00
231.0 512.0 0.00 0.00
302.0 512.0 0.00 0.00
545.0 512.0 0.00 0.00
550.0 512.0 0.00 0.00
593.0 512.0 0.00 0.00
657.0 512.0 0.00 0.00
668.0 512.0 0.00 0.00
994.0 512.0 0.00 0.00
1012.0 512.0 0.00 0.00
8.0 513.0 0.00 0.00
268.0 513.0 0.00 0.00
280.0 513.0 0.00 0.00
467.0 513.0 0.00 0.00
583.0 513.0 0.00 0.00
604.0 513.0 0.00 0.00
631.0 513.0 0.00 0.00
801.0 513.0 0.00 0.00
59.0 514.0 0.00 0.00
119.0 514.0 0.00 0.00
125.0 514.0 0.00 0.00
188.0 514.0 0.00 0.00
478.0 514.0 0.00 0.00
506.0 514.0 0.00 0.00
523.0 514.0 0.00 0.00
540.0 514.0 0.00 0.00
776.0 514.0 0.00 0.00
840.0 514.0 0.00 0.00
858.0 514.0 0.00 0.00
868.0 514.0 0.00 0.00
950.0 514.0 0.00 0.00
48.0 515.0 0.00 0.00
224.0 515.0 0.00 0.00
390.0 515.0 0.00 0.00
444.0 515.0 0.00 0.00
690.0 515.0 0.00 0.00
753.0 515.0 0.00 0.00
878.0 515.0 0.00 0.00
963.0 515.0 0.00 0.00
988.0 515.0 0.00 0.00
73.0 516.0 0.00 0.00
87.0 516.0 0.00 0.00
208.0 516.0 0.00 0.00
453.0 516.0 0.00 0.00
495.0 516.0 0.00 0.00
533.0 516.0 0.00 0.00
616.0 516.0 0.00 0.00
624.0 516.0 0.00 0.00
763.0 516.0 0.00 0.00
969.0 516.0 0.00 0.00
67.0 517.0 0.00 0.00
95.0 517.0 0.00 0.00
100.0 517.0 0.00 0.00
109.0 517.0 0.00 0.00
245.0 517.0 0.00 0.00
418.0 517.0 0.00 0.00
943.0 517.0 0.00 0.00
958.0 517.0 0.00 0.00
20.0 518.0 0.00 0.00
403.0 518.0 0.00 0.00
466.0 518.0 0.00 0.00
636.0 518.0 0.00 0.00
801.0 518.0 0.00 0.00
907.0 518.0 0.00 0.00
919.0 518.0 0.00 0.00
506.0 519.0 0.00 0.00
823.0 519.0 0.00 0.00
49.0 520.0 0.00 0.00
54.0 520.0 0.00 0.00
128.0 520.0 0.00 0.00
260.0 520.0 0.00 0.00
301.0 520.0 0.00 0.00
701.0 520.0 0.00 0.00
789.0 520.0 0.00 0.00
848.0 520.0 0.00 0.00
984.0 520.0 0.00 0.00
1007.0 520.0 0.00 0.00
136.0 521.0 0.00 0.00
152.0 521.0 0.00 0.00
512.0 521.0 0.00 0.00
615.0 521.0 0.00 0.00
691.0 521.0 0.00 0.00
989.0 521.0 0.00 0.00
310.0 522.0 0.00 0.00
423.0 522.0 0.00 0.00
473.0 522.0 0.00 0.00
501.0 522.0 0.00 0.00
517.0 522.0 0.00 0.00
522.0 522.0 0.00 0.00
551.0 522.0 0.00 0.00
949.0 522.0 0.00 0.00
958.0 522.0 0.00 0.00
995.0 522.0 0.00 0.00
122.0 523.0 0.00 0.00
741.0 523.0 0.00 0.00
802.0 523.0 0.00 0.00
971.0 523.0 0.00 0.00
171.0 524.0 0.00 0.00
207.0 524.0 0.00 0.00
232.0 524.0 0.00 0.00
347.0 524.0 0.00 0.00
437.0 524.0 0.00 0.00
458.0 524.0 0.00 0.00
463.0 524.0 0.00 0.00
733.0 524.0 0.00 0.00
753.0 524.0 0.00 0.00
831.0 524.0 0.00 0.00
855.0 524.0 0.00 0.00
35.0 525.0 0.00 0.00
50.0 525.0 0.00 0.00
55.0 525.0 0.00 0.00
160.0 525.0 0.00 0.00
165.0 525.0 0.00 0.00
212.0 525.0 0.00 0.00
300.0 525.0 0.00 0.00
482.0 525.0 0.00 0.00
487.0 525.0 0.00 0.00
492.0 525.0 0.00 0.00
541.0 525.0 0.00 0.00
653.0 525.0 0.00 0.00
885.0 525.0 0.00 0.00
891.0 525.0 0.00 0.00
896.0 525.0 0.00 0.00
220.0 526.0 0.00 0.00
530.0 526.0 0.00 0.00
535.0 526.0 0.00 0.00
584.0 526.0 0.00 0.00
860.0 526.0 0.00 0.00
901.0 526.0 0.00 0.00
980.0 526.0 0.00 0.00
95.0 527.0 0.00 0.00
423.0 527.0 0.00 0.00
453.0 527.0 0.00 0.00
468.0 527.0 0.00 0.00
563.0 527.0 0.00 0.00
629.0 527.0 0.00 0.00
865.0 527.0 0.00 0.00
880.0 527.0 0.00 0.00
912.0 527.0 0.00 0.00
922.0 527.0 0.00 0.00
927.0 527.0 0.00 0.00
934.0 527.0 0.00 0.00
939.0 527.0 0.00 0.00
944.0 527.0 0.00 0.00
952.0 527.0 0.00 0.00
957.0 527.0 0.00 0.00
995.0 527.0 0.00 0.00
18.0 528.0 0.00 0.00
65.0 528.0 0.00 0.00
188.0 528.0 0.00 0.00
547.0 528.0 0.00 0.00
600.0 528.0 0.00 0.00
678.0 528.0 0.00 0.00
776.0 528.0 0.00 0.00
917.0 528.0 0.00 0.00
966.0 528.0 0.00 0.00
1000.0 528.0 0.00 0.00
82.0 529.0 0.00 0.00
345.0 529.0 0.00 0.00
405.0 529.0 0.00 0.00
619.0 529.0 0.00 0.00
624.0 529.0 0.00 0.00
640.0 529.0 0.00 0.00
694.0 529.0 0.00 0.00
733.0 529.0 0.00 0.00
149.0 530.0 0.00 0.00
239.0 530.0 0.00 0.00
708.0 530.0 0.00 0.00
798.0 530.0 0.00 0.00
1009.0 530.0 0.00 0.00
40.0 531.0 0.00 0.00
101.0 531.0 0.00 0.00
448.0 531.0 0.00 0.00
131.0 532.0 0.00 0.00
514.0 532.0 0.00 0.00
742.0 532.0 0.00 0.00
787.0 532.0 0.00 0.00
912.0 532.0 0.00 0.00
984.0 532.0 0.00 0.00
989.0 532.0 0.00 0.00
125.0 533.0 0.00 0.00
175.0 533.0 0.00 0.00
199.0 533.0 0.00 0.00
207.0 533.0 0.00 0.00
416.0 533.0 0.00 0.00
421.0 533.0 0.00 0.00
649.0 533.0 0.00 0.00
917.0 533.0 0.00 0.00
979.0 533.0 0.00 0.00
25.0 534.0 0.00 0.00
49.0 534.0 0.00 0.00
82.0 534.0 0.00 0.00
137.0 534.0 0.00 0.00
142.0 534.0 0.00 0.00
312.0 534.0 0.00 0.00
434.0 534.0 0.00 0.00
464.0 534.0 0.00 0.00
496.0 534.0 0.00 0.00
613.0 534.0 0.00 0.00
628.0 534.0 0.00 0.00
733.0 534.0 0.00 0.00
833.0 534.0 0.00 0.00
846.0 534.0 0.00 0.00
268.0 535.0 0.00 0.00
345.0 535.0 0.00 0.00
522.0 535.0 0.00 0.00
549.0 535.0 0.00 0.00
618.0 535.0 0.00 0.00
623.0 535.0 0.00 0.00
681.0 535.0 0.00 0.00
752.0 535.0 0.00 0.00
958.0 535.0 0.00 0.00
188.0 536.0 0.00 0.00
235.0 536.0 0.00 0.00
608.0 536.0 0.00 0.00
806.0 536.0 0.00 0.00
296.0 537.0 0.00 0.00
582.0 537.0 0.00 0.00
40.0 538.0 0.00 0.00
180.0 538.0 0.00 0.00
215.0 538.0 0.00 0.00
283.0 538.0 0.00 0.00
688.0 538.0 0.00 0.00
925.0 538.0 0.00 0.00
964.0 538.0 0.00 0.00
45.0 539.0 0.00 0.00
166.0 539.0 0.00 0.00
225.0 539.0 0.00 0.00
288.0 539.0 0.00 0.00
330.0 539.0 0.00 0.00
734.0 539.0 0.00 0.00
826.0 539.0 0.00 0.00
1002.0 539.0 0.00 0.00
68.0 540.0 0.00 0.00
153.0 540.0 0.00 0.00
345.0 540.0 0.00 0.00
521.0 540.0 0.00 0.00
551.0 540.0 0.00 0.00
615.0 540.0 0.00 0.00
620.0 540.0 0.00 0.00
658.0 540.0 0.00 0.00
959.0 540.0 0.00 0.00
235.0 541.0 0.00 0.00
254.0 541.0 0.00 0.00
340.0 541.0 0.00 0.00
376.0 541.0 0.00 0.00
608.0 541.0 0.00 0.00
795.0 541.0 0.00 0.00
806.0 541.0 0.00 0.00
990.0 541.0 0.00 0.00
9.0 542.0 0.00 0.00
16.0 542.0 0.00 0.00
23.0 542.0 0.00 0.00
298.0 542.0 0.00 0.00
303.0 542.0 0.00 0.00
508.0 542.0 0.00 0.00
39.0 543.0 0.00 0.00
98.0 543.0 0.00 0.00
103.0 543.0 0.00 0.00
176.0 543.0 0.00 0.00
293.0 543.0 0.00 0.00
383.0 543.0 0.00 0.00
458.0 543.0 0.00 0.00
707.0 543.0 0.00 0.00
760.0 543.0 0.00 0.00
964.0 543.0 0.00 0.00
45.0 544.0 0.00 0.00
143.0 544.0 0.00 0.00
165.0 544.0 0.00 0.00
190.0 544.0 0.00 0.00
429.0 544.0 0.00 0.00
774.0 544.0 0.00 0.00
800.0 544.0 0.00 0.00
818.0 544.0 0.00 0.00
823.0 544.0 0.00 0.00
69.0 545.0 0.00 0.00
81.0 545.0 0.00 0.00
208.0 545.0 0.00 0.00
408.0 545.0 0.00 0.00
418.0 545.0 0.00 0.00
443.0 545.0 0.00 0.00
464.0 545.0 0.00 0.00
522.0 545.0 0.00 0.00
554.0 545.0 0.00 0.00
1012.0 545.0 0.00 0.00
55.0 546.0 0.00 0.00
108.0 546.0 0.00 0.00
153.0 546.0 0.00 0.00
239.0 546.0 0.00 0.00
476.0 546.0 0.00 0.00
489.0 546.0 0.00 0.00
572.0 546.0 0.00 0.00
596.0 546.0 0.00 0.00
615.0 546.0 0.00 0.00
749.0 546.0 0.00 0.00
953.0 546.0 0.00 0.00
958.0 546.0 0.00 0.00
25.0 547.0 0.00 0.00
390.0 547.0 0.00 0.00
902.0 547.0 0.00 0.00
123.0 548.0 0.00 0.00
128.0 548.0 0.00 0.00
176.0 548.0 0.00 0.00
606.0 548.0 0.00 0.00
623.0 548.0 0.00 0.00
846.0 548.0 0.00 0.00
979.0 548.0 0.00 0.00
43.0 549.0 0.00 0.00
165.0 549.0 0.00 0.00
190.0 549.0 0.00 0.00
527.0 549.0 0.00 0.00
682.0 549.0 0.00 0.00
720.0 549.0 0.00 0.00
802.0 549.0 0.00 0.00
807.0 549.0 0.00 0.00
99.0 550.0 0.00 0.00
200.0 550.0 0.00 0.00
230.0 550.0 0.00 0.00
464.0 550.0 0.00 0.00
504.0 550.0 0.00 0.00
536.0 550.0 0.00 0.00
652.0 550.0 0.00 0.00
660.0 550.0 0.00 0.00
12.0 551.0 0.00 0.00
61.0 551.0 0.00 0.00
107.0 551.0 0.00 0.00
112.0 551.0 0.00 0.00
212.0 551.0 0.00 0.00
225.0 551.0 0.00 0.00
459.0 551.0 0.00 0.00
647.0 551.0 0.00 0.00
714.0 551.0 0.00 0.00
728.0 551.0 0.00 0.00
733.0 551.0 0.00 0.00
918.0 551.0 0.00 0.00
25.0 552.0 0.00 0.00
117.0 552.0 0.00 0.00
580.0 552.0 0.00 0.00
639.0 552.0 0.00 0.00
688.0 552.0 0.00 0.00
693.0 552.0 0.00 0.00
705.0 552.0 0.00 0.00
755.0 552.0 0.00 0.00
936.0 552.0 0.00 0.00
153.0 553.0 0.00 0.00
247.0 553.0 0.00 0.00
788.0 553.0 0.00 0.00
1003.0 553.0 0.00 0.00
122.0 554.0 0.00 0.00
290.0 554.0 0.00 0.00
305.0 554.0 0.00 0.00
419.0 554.0 0.00 0.00
831.0 554.0 0.00 0.00
992.0 554.0 0.00 0.00
44.0 555.0 0.00 0.00
49.0 555.0 0.00 0.00
92.0 555.0 0.00 0.00
179.0 555.0 0.00 0.00
190.0 555.0 0.00 0.00
547.0 555.0 0.00 0.00
804.0 555.0 0.00 0.00
927.0 555.0 0.00 0.00
67.0 556.0 0.00 0.00
79.0 556.0 0.00 0.00
105.0 556.0 0.00 0.00
259.0 556.0 0.00 0.00
440.0 556.0 0.00 0.00
479.0 556.0 0.00 0.00
484.0 556.0 0.00 0.00
512.0 556.0 0.00 0.00
110.0 557.0 0.00 0.00
117.0 557.0 0.00 0.00
140.0 557.0 0.00 0.00
213.0 557.0 0.00 0.00
317.0 557.0 0.00 0.00
572.0 557.0 0.00 0.00
691.0 557.0 0.00 0.00
757.0 557.0 0.00 0.00
814.0 557.0 0.00 0.00
54.0 558.0 0.00 0.00
152.0 558.0 0.00 0.00
163.0 558.0 0.00 0.00
185.0 558.0 0.00 0.00
219.0 558.0 0.00 0.00
280.0 558.0 0.00 0.00
494.0 558.0 0.00 0.00
698.0 558.0 0.00 0.00
1002.0 558.0 0.00 0.00
330.0 559.0 0.00 0.00
671.0 559.0 0.00 0.00
44.0 560.0 0.00 0.00
383.0 560.0 0.00 0.00
804.0 560.0 0.00 0.00
960.0 560.0 0.00 0.00
32.0 561.0 0.00 0.00
100.0 561.0 0.00 0.00
172.0 561.0 0.00 0.00
177.0 561.0 0.00 0.00
259.0 561.0 0.00 0.00
398.0 561.0 0.00 0.00
531.0 561.0 0.00 0.00
741.0 561.0 0.00 0.00
779.0 561.0 0.00 0.00
859.0 561.0 0.00 0.00
887.0 561.0 0.00 0.00
927.0 561.0 0.00 0.00
75.0 562.0 0.00 0.00
106.0 562.0 0.00 0.00
111.0 562.0 0.00 0.00
264.0 562.0 0.00 0.00
393.0 562.0 0.00 0.00
627.0 562.0 0.00 0.00
792.0 562.0 0.00 0.00
49.0 563.0 0.00 0.00
404.0 563.0 0.00 0.00
496.0 563.0 0.00 0.00
562.0 563.0 0.00 0.00
592.0 563.0 0.00 0.00
640.0 563.0 0.00 0.00
653.0 563.0 0.00 0.00
658.0 563.0 0.00 0.00
663.0 563.0 0.00 0.00
676.0 563.0 0.00 0.00
681.0 563.0 0.00 0.00
720.0 563.0 0.00 0.00
728.0 563.0 0.00 0.00
20.0 564.0 0.00 0.00
229.0 564.0 0.00 0.00
44.0 565.0 0.00 0.00
70.0 565.0 0.00 0.00
86.0 565.0 0.00 0.00
133.0 565.0 0.00 0.00
142.0 565.0 0.00 0.00
314.0 565.0 0.00 0.00
413.0 565.0 0.00 0.00
440.0 565.0 0.00 0.00
823.0 565.0 0.00 0.00
995.0 565.0 0.00 0.00
57.0 566.0 0.00 0.00
62.0 566.0 0.00 0.00
125.0 566.0 0.00 0.00
203.0 566.0 0.00 0.00
224.0 566.0 0.00 0.00
928.0 566.0 0.00 0.00
972.0 566.0 0.00 0.00
13.0 567.0 0.00 0.00
106.0 567.0 0.00 0.00
183.0 567.0 0.00 0.00
219.0 567.0 0.00 0.00
425.0 567.0 0.00 0.00
810.0 567.0 0.00 0.00
959.0 567.0 0.00 0.00
964.0 567.0 0.00 0.00
111.0 568.0 0.00 0.00
295.0 568.0 0.00 0.00
510.0 568.0 0.00 0.00
627.0 568.0 0.00 0.00
767.0 568.0 0.00 0.00
841.0 568.0 0.00 0.00
96.0 569.0 0.00 0.00
117.0 569.0 0.00 0.00
158.0 569.0 0.00 0.00
238.0 569.0 0.00 0.00
450.0 569.0 0.00 0.00
460.0 569.0 0.00 0.00
672.0 569.0 0.00 0.00
91.0 570.0 0.00 0.00
257.0 570.0 0.00 0.00
316.0 570.0 0.00 0.00
540.0 570.0 0.00 0.00
828.0 570.0 0.00 0.00
909.0 570.0 0.00 0.00
918.0 570.0 0.00 0.00
989.0 570.0 0.00 0.00
78.0 571.0 0.00 0.00
643.0 571.0 0.00 0.00
169.0 572.0 0.00 0.00
215.0 572.0 0.00 0.00
288.0 572.0 0.00 0.00
304.0 572.0 0.00 0.00
940.0 572.0 0.00 0.00
40.0 573.0 0.00 0.00
103.0 573.0 0.00 0.00
164.0 573.0 0.00 0.00
182.0 573.0 0.00 0.00
760.0 573.0 0.00 0.00
793.0 573.0 0.00 0.00
833.0 573.0 0.00 0.00
996.0 573.0 0.00 0.00
200.0 574.0 0.00 0.00
770.0 574.0 0.00 0.00
90.0 575.0 0.00 0.00
147.0 575.0 0.00 0.00
243.0 575.0 0.00 0.00
316.0 575.0 0.00 0.00
367.0 575.0 0.00 0.00
824.0 575.0 0.00 0.00
1003.0 575.0 0.00 0.00
116.0 576.0 0.00 0.00
127.0 576.0 0.00 0.00
399.0 576.0 0.00 0.00
751.0 576.0 0.00 0.00
858.0 576.0 0.00 0.00
55.0 577.0 0.00 0.00
79.0 577.0 0.00 0.00
188.0 577.0 0.00 0.00
916.0 577.0 0.00 0.00
161.0 578.0 0.00 0.00
179.0 578.0 0.00 0.00
383.0 578.0 0.00 0.00
437.0 578.0 0.00 0.00
658.0 578.0 0.00 0.00
686.0 578.0 0.00 0.00
704.0 578.0 0.00 0.00
726.0 578.0 0.00 0.00
834.0 578.0 0.00 0.00
982.0 578.0 0.00 0.00
69.0 579.0 0.00 0.00
664.0 579.0 0.00 0.00
814.0 579.0 0.00 0.00
12.0 580.0 0.00 0.00
557.0 580.0 0.00 0.00
586.0 580.0 0.00 0.00
628.0 580.0 0.00 0.00
669.0 580.0 0.00 0.00
802.0 580.0 0.00 0.00
118.0 581.0 0.00 0.00
841.0 581.0 0.00 0.00
960.0 581.0 0.00 0.00
56.0 582.0 0.00 0.00
75.0 582.0 0.00 0.00
80.0 582.0 0.00 0.00
140.0 582.0 0.00 0.00
916.0 582.0 0.00 0.00
89.0 583.0 0.00 0.00
94.0 583.0 0.00 0.00
162.0 583.0 0.00 0.00
222.0 583.0 0.00 0.00
749.0 583.0 0.00 0.00
758.0 583.0 0.00 0.00
904.0 583.0 0.00 0.00
973.0 583.0 0.00 0.00
1015.0 583.0 0.00 0.00
70.0 584.0 0.00 0.00
190.0 584.0 0.00 0.00
482.0 584.0 0.00 0.00
869.0 584.0 0.00 0.00
954.0 584.0 0.00 0.00
209.0 585.0 0.00 0.00
307.0 585.0 0.00 0.00
394.0 585.0 0.00 0.00
408.0 585.0 0.00 0.00
455.0 585.0 0.00 0.00
781.0 585.0 0.00 0.00
923.0 585.0 0.00 0.00
994.0 585.0 0.00 0.00
180.0 586.0 0.00 0.00
320.0 586.0 0.00 0.00
362.0 586.0 0.00 0.00
653.0 586.0 0.00 0.00
846.0 586.0 0.00 0.00
884.0 586.0 0.00 0.00
937.0 586.0 0.00 0.00
944.0 586.0 0.00 0.00
949.0 586.0 0.00 0.00
960.0 586.0 0.00 0.00
139.0 587.0 0.00 0.00
261.0 587.0 0.00 0.00
399.0 587.0 0.00 0.00
722.0 587.0 0.00 0.00
802.0 587.0 0.00 0.00
126.0 588.0 0.00 0.00
134.0 588.0 0.00 0.00
255.0 588.0 0.00 0.00
646.0 588.0 0.00 0.00
932.0 588.0 0.00 0.00
9.0 589.0 0.00 0.00
67.0 589.0 0.00 0.00
114.0 589.0 0.00 0.00
250.0 589.0 0.00 0.00
380.0 589.0 0.00 0.00
730.0 589.0 0.00 0.00
792.0 589.0 0.00 0.00
836.0 589.0 0.00 0.00
151.0 590.0 0.00 0.00
632.0 590.0 0.00 0.00
856.0 590.0 0.00 0.00
913.0 590.0 0.00 0.00
923.0 590.0 0.00 0.00
180.0 591.0 0.00 0.00
237.0 591.0 0.00 0.00
627.0 591.0 0.00 0.00
784.0 591.0 0.00 0.00
969.0 591.0 0.00 0.00
1015.0 591.0 0.00 0.00
163.0 592.0 0.00 0.00
315.0 592.0 0.00 0.00
652.0 592.0 0.00 0.00
751.0 592.0 0.00 0.00
810.0 592.0 0.00 0.00
95.0 593.0 0.00 0.00
274.0 593.0 0.00 0.00
356.0 593.0 0.00 0.00
841.0 593.0 0.00 0.00
8.0 594.0 0.00 0.00
26.0 594.0 0.00 0.00
72.0 594.0 0.00 0.00
78.0 594.0 0.00 0.00
85.0 594.0 0.00 0.00
90.0 594.0 0.00 0.00
185.0 594.0 0.00 0.00
981.0 594.0 0.00 0.00
993.0 594.0 0.00 0.00
58.0 595.0 0.00 0.00
127.0 595.0 0.00 0.00
144.0 595.0 0.00 0.00
197.0 595.0 0.00 0.00
204.0 595.0 0.00 0.00
370.0 595.0 0.00 0.00
420.0 595.0 0.00 0.00
998.0 595.0 0.00 0.00
18.0 596.0 0.00 0.00
37.0 596.0 0.00 0.00
47.0 596.0 0.00 0.00
53.0 596.0 0.00 0.00
105.0 596.0 0.00 0.00
139.0 596.0 0.00 0.00
344.0 596.0 0.00 0.00
557.0 596.0 0.00 0.00
657.0 596.0 0.00 0.00
785.0 596.0 0.00 0.00
790.0 596.0 0.00 0.00
865.0 596.0 0.00 0.00
884.0 596.0 0.00 0.00
1004.0 596.0 0.00 0.00
1010.0 596.0 0.00 0.00
1015.0 596.0 0.00 0.00
64.0 597.0 0.00 0.00
110.0 597.0 0.00 0.00
132.0 597.0 0.00 0.00
192.0 597.0 0.00 0.00
339.0 597.0 0.00 0.00
414.0 597.0 0.00 0.00
582.0 597.0 0.00 0.00
832.0 597.0 0.00 0.00
851.0 597.0 0.00 0.00
856.0 597.0 0.00 0.00
892.0 597.0 0.00 0.00
898.0 597.0 0.00 0.00
903.0 597.0 0.00 0.00
250.0 598.0 0.00 0.00
287.0 598.0 0.00 0.00
409.0 598.0 0.00 0.00
536.0 598.0 0.00 0.00
742.0 598.0 0.00 0.00
760.0 598.0 0.00 0.00
26.0 599.0 0.00 0.00
245.0 599.0 0.00 0.00
255.0 599.0 0.00 0.00
329.0 599.0 0.00 0.00
669.0 599.0 0.00 0.00
719.0 599.0 0.00 0.00
803.0 599.0 0.00 0.00
841.0 599.0 0.00 0.00
908.0 599.0 0.00 0.00
981.0 599.0 0.00 0.00
116.0 600.0 0.00 0.00
197.0 600.0 0.00 0.00
208.0 600.0 0.00 0.00
386.0 600.0 0.00 0.00
424.0 600.0 0.00 0.00
268.0 601.0 0.00 0.00
531.0 601.0 0.00 0.00
649.0 601.0 0.00 0.00
788.0 601.0 0.00 0.00
811.0 601.0 0.00 0.00
869.0 601.0 0.00 0.00
946.0 601.0 0.00 0.00
48.0 602.0 0.00 0.00
66.0 602.0 0.00 0.00
177.0 602.0 0.00 0.00
188.0 602.0 0.00 0.00
221.0 602.0 0.00 0.00
620.0 602.0 0.00 0.00
630.0 602.0 0.00 0.00
685.0 602.0 0.00 0.00
848.0 602.0 0.00 0.00
130.0 603.0 0.00 0.00
203.0 603.0 0.00 0.00
508.0 603.0 0.00 0.00
935.0 603.0 0.00 0.00
27.0 604.0 0.00 0.00
164.0 604.0 0.00 0.00
240.0 604.0 0.00 0.00
591.0 604.0 0.00 0.00
796.0 604.0 0.00 0.00
858.0 604.0 0.00 0.00
890.0 604.0 0.00 0.00
895.0 604.0 0.00 0.00
984.0 604.0 0.00 0.00
150.0 605.0 0.00 0.00
316.0 605.0 0.00 0.00
424.0 605.0 0.00 0.00
640.0 605.0 0.00 0.00
883.0 605.0 0.00 0.00
76.0 606.0 0.00 0.00
182.0 606.0 0.00 0.00
602.0 606.0 0.00 0.00
876.0 606.0 0.00 0.00
995.0 606.0 0.00 0.00
49.0 607.0 0.00 0.00
97.0 607.0 0.00 0.00
188.0 607.0 0.00 0.00
978.0 607.0 0.00 0.00
9.0 608.0 0.00 0.00
130.0 608.0 0.00 0.00
213.0 608.0 0.00 0.00
341.0 608.0 0.00 0.00
347.0 608.0 0.00 0.00
353.0 608.0 0.00 0.00
370.0 608.0 0.00 0.00
956.0 608.0 0.00 0.00
37.0 609.0 0.00 0.00
65.0 609.0 0.00 0.00
506.0 609.0 0.00 0.00
550.0 609.0 0.00 0.00
695.0 609.0 0.00 0.00
805.0 609.0 0.00 0.00
193.0 610.0 0.00 0.00
382.0 610.0 0.00 0.00
422.0 610.0 0.00 0.00
1001.0 610.0 0.00 0.00
16.0 611.0 0.00 0.00
84.0 611.0 0.00 0.00
164.0 611.0 0.00 0.00
203.0 611.0 0.00 0.00
395.0 611.0 0.00 0.00
678.0 611.0 0.00 0.00
701.0 611.0 0.00 0.00
710.0 611.0 0.00 0.00
832.0 611.0 0.00 0.00
838.0 611.0 0.00 0.00
868.0 611.0 0.00 0.00
965.0 611.0 0.00 0.00
970.0 611.0 0.00 0.00
95.0 612.0 0.00 0.00
174.0 612.0 0.00 0.00
286.0 612.0 0.00 0.00
330.0 612.0 0.00 0.00
456.0 612.0 0.00 0.00
717.0 612.0 0.00 0.00
929.0 612.0 0.00 0.00
130.0 613.0 0.00 0.00
169.0 613.0 0.00 0.00
212.0 613.0 0.00 0.00
472.0 613.0 0.00 0.00
778.0 613.0 0.00 0.00
934.0 613.0 0.00 0.00
45.0 614.0 0.00 0.00
54.0 614.0 0.00 0.00
72.0 614.0 0.00 0.00
114.0 614.0 0.00 0.00
187.0 614.0 0.00 0.00
231.0 614.0 0.00 0.00
272.0 614.0 0.00 0.00
277.0 614.0 0.00 0.00
315.0 614.0 0.00 0.00
414.0 614.0 0.00 0.00
505.0 614.0 0.00 0.00
572.0 614.0 0.00 0.00
807.0 614.0 0.00 0.00
891.0 614.0 0.00 0.00
939.0 614.0 0.00 0.00
479.0 615.0 0.00 0.00
484.0 615.0 0.00 0.00
491.0 615.0 0.00 0.00
567.0 615.0 0.00 0.00
744.0 615.0 0.00 0.00
769.0 615.0 0.00 0.00
873.0 615.0 0.00 0.00
19.0 616.0 0.00 0.00
39.0 616.0 0.00 0.00
204.0 616.0 0.00 0.00
237.0 616.0 0.00 0.00
251.0 616.0 0.00 0.00
324.0 616.0 0.00 0.00
543.0 616.0 0.00 0.00
966.0 616.0 0.00 0.00
990.0 616.0 0.00 0.00
63.0 617.0 0.00 0.00
95.0 617.0 0.00 0.00
604.0 617.0 0.00 0.00
857.0 617.0 0.00 0.00
559.0 618.0 0.00 0.00
878.0 618.0 0.00 0.00
928.0 618.0 0.00 0.00
34.0 619.0 0.00 0.00
52.0 619.0 0.00 0.00
272.0 619.0 0.00 0.00
314.0 619.0 0.00 0.00
379.0 619.0 0.00 0.00
648.0 619.0 0.00 0.00
923.0 619.0 0.00 0.00
10.0 620.0 0.00 0.00
29.0 620.0 0.00 0.00
164.0 620.0 0.00 0.00
183.0 620.0 0.00 0.00
220.0 620.0 0.00 0.00
333.0 620.0 0.00 0.00
402.0 620.0 0.00 0.00
973.0 620.0 0.00 0.00
39.0 621.0 0.00 0.00
204.0 621.0 0.00 0.00
301.0 621.0 0.00 0.00
64.0 622.0 0.00 0.00
122.0 622.0 0.00 0.00
131.0 622.0 0.00 0.00
195.0 622.0 0.00 0.00
258.0 622.0 0.00 0.00
857.0 622.0 0.00 0.00
1015.0 622.0 0.00 0.00
237.0 623.0 0.00 0.00
481.0 623.0 0.00 0.00
848.0 623.0 0.00 0.00
880.0 623.0 0.00 0.00
242.0 624.0 0.00 0.00
247.0 624.0 0.00 0.00
838.0 624.0 0.00 0.00
894.0 624.0 0.00 0.00
930.0 624.0 0.00 0.00
11.0 625.0 0.00 0.00
277.0 625.0 0.00 0.00
288.0 625.0 0.00 0.00
391.0 625.0 0.00 0.00
700.0 625.0 0.00 0.00
979.0 625.0 0.00 0.00
46.0 626.0 0.00 0.00
268.0 626.0 0.00 0.00
659.0 626.0 0.00 0.00
679.0 626.0 0.00 0.00
885.0 626.0 0.00 0.00
965.0 626.0 0.00 0.00
1005.0 626.0 0.00 0.00
154.0 627.0 0.00 0.00
263.0 627.0 0.00 0.00
664.0 627.0 0.00 0.00
669.0 627.0 0.00 0.00
828.0 627.0 0.00 0.00
92.0 628.0 0.00 0.00
149.0 628.0 0.00 0.00
491.0 628.0 0.00 0.00
595.0 628.0 0.00 0.00
857.0 628.0 0.00 0.00
903.0 628.0 0.00 0.00
973.0 628.0 0.00 0.00
998.0 628.0 0.00 0.00
189.0 629.0 0.00 0.00
200.0 629.0 0.00 0.00
245.0 629.0 0.00 0.00
251.0 629.0 0.00 0.00
311.0 629.0 0.00 0.00
940.0 629.0 0.00 0.00
62.0 630.0 0.00 0.00
222.0 630.0 0.00 0.00
258.0 630.0 0.00 0.00
428.0 630.0 0.00 0.00
649.0 630.0 0.00 0.00
502.0 631.0 0.00 0.00
569.0 631.0 0.00 0.00
838.0 631.0 0.00 0.00
919.0 631.0 0.00 0.00
963.0 631.0 0.00 0.00
33.0 632.0 0.00 0.00
85.0 632.0 0.00 0.00
130.0 632.0 0.00 0.00
587.0 632.0 0.00 0.00
72.0 633.0 0.00 0.00
123.0 633.0 0.00 0.00
304.0 633.0 0.00 0.00
358.0 633.0 0.00 0.00
384.0 633.0 0.00 0.00
450.0 633.0 0.00 0.00
631.0 633.0 0.00 0.00
874.0 633.0 0.00 0.00
893.0 633.0 0.00 0.00
973.0 633.0 0.00 0.00
15.0 634.0 0.00 0.00
23.0 634.0 0.00 0.00
345.0 634.0 0.00 0.00
615.0 634.0 0.00 0.00
715.0 634.0 0.00 0.00
879.0 634.0 0.00 0.00
943.0 634.0 0.00 0.00
983.0 634.0 0.00 0.00
164.0 635.0 0.00 0.00
180.0 635.0 0.00 0.00
244.0 635.0 0.00 0.00
409.0 635.0 0.00 0.00
657.0 635.0 0.00 0.00
950.0 635.0 0.00 0.00
957.0 635.0 0.00 0.00
676.0 636.0 0.00 0.00
838.0 636.0 0.00 0.00
857.0 636.0 0.00 0.00
864.0 636.0 0.00 0.00
884.0 636.0 0.00 0.00
963.0 636.0 0.00 0.00
968.0 636.0 0.00 0.00
33.0 637.0 0.00 0.00
108.0 637.0 0.00 0.00
340.0 637.0 0.00 0.00
665.0 637.0 0.00 0.00
670.0 637.0 0.00 0.00
63.0 638.0 0.00 0.00
381.0 638.0 0.00 0.00
448.0 638.0 0.00 0.00
522.0 638.0 0.00 0.00
559.0 638.0 0.00 0.00
908.0 638.0 0.00 0.00
913.0 638.0 0.00 0.00
1006.0 638.0 0.00 0.00
210.0 639.0 0.00 0.00
215.0 639.0 0.00 0.00
279.0 639.0 0.00 0.00
642.0 639.0 0.00 0.00
902.0 639.0 0.00 0.00
978.0 639.0 0.00 0.00
983.0 639.0 0.00 0.00
1015.0 639.0 0.00 0.00
50.0 640.0 0.00 0.00
143.0 640.0 0.00 0.00
202.0 640.0 0.00 0.00
245.0 640.0 0.00 0.00
325.0 640.0 0.00 0.00
703.0 640.0 0.00 0.00
748.0 640.0 0.00 0.00
831.0 640.0 0.00 0.00
932.0 640.0 0.00 0.00
93.0 641.0 0.00 0.00
220.0 641.0 0.00 0.00
819.0 641.0 0.00 0.00
845.0 641.0 0.00 0.00
857.0 641.0 0.00 0.00
993.0 641.0 0.00 0.00
125.0 642.0 0.00 0.00
185.0 642.0 0.00 0.00
301.0 642.0 0.00 0.00
335.0 642.0 0.00 0.00
467.0 642.0 0.00 0.00
527.0 642.0 0.00 0.00
133.0 643.0 0.00 0.00
296.0 643.0 0.00 0.00
443.0 643.0 0.00 0.00
448.0 643.0 0.00 0.00
492.0 643.0 0.00 0.00
522.0 643.0 0.00 0.00
610.0 643.0 0.00 0.00
624.0 643.0 0.00 0.00
885.0 643.0 0.00 0.00
438.0 644.0 0.00 0.00
890.0 644.0 0.00 0.00
981.0 644.0 0.00 0.00
144.0 645.0 0.00 0.00
411.0 645.0 0.00 0.00
687.0 645.0 0.00 0.00
873.0 645.0 0.00 0.00
878.0 645.0 0.00 0.00
927.0 645.0 0.00 0.00
139.0 646.0 0.00 0.00
291.0 646.0 0.00 0.00
429.0 646.0 0.00 0.00
692.0 646.0 0.00 0.00
16.0 647.0 0.00 0.00
98.0 647.0 0.00 0.00
567.0 647.0 0.00 0.00
966.0 647.0 0.00 0.00
1014.0 647.0 0.00 0.00
133.0 648.0 0.00 0.00
164.0 648.0 0.00 0.00
474.0 648.0 0.00 0.00
579.0 648.0 0.00 0.00
868.0 648.0 0.00 0.00
1002.0 648.0 0.00 0.00
8.0 649.0 0.00 0.00
40.0 649.0 0.00 0.00
56.0 649.0 0.00 0.00
66.0 649.0 0.00 0.00
115.0 649.0 0.00 0.00
150.0 649.0 0.00 0.00
206.0 649.0 0.00 0.00
214.0 649.0 0.00 0.00
224.0 649.0 0.00 0.00
279.0 649.0 0.00 0.00
284.0 649.0 0.00 0.00
669.0 649.0 0.00 0.00
680.0 649.0 0.00 0.00
863.0 649.0 0.00 0.00
201.0 650.0 0.00 0.00
240.0 650.0 0.00 0.00
248.0 650.0 0.00 0.00
253.0 650.0 0.00 0.00
259.0 650.0 0.00 0.00
264.0 650.0 0.00 0.00
511.0 650.0 0.00 0.00
556.0 650.0 0.00 0.00
663.0 650.0 0.00 0.00
856.0 650.0 0.00 0.00
902.0 650.0 0.00 0.00
71.0 651.0 0.00 0.00
77.0 651.0 0.00 0.00
484.0 651.0 0.00 0.00
645.0 651.0 0.00 0.00
32.0 652.0 0.00 0.00
89.0 652.0 0.00 0.00
97.0 652.0 0.00 0.00
196.0 652.0 0.00 0.00
464.0 652.0 0.00 0.00
545.0 652.0 0.00 0.00
984.0 652.0 0.00 0.00
27.0 653.0 0.00 0.00
606.0 653.0 0.00 0.00
754.0 653.0 0.00 0.00
885.0 653.0 0.00 0.00
919.0 653.0 0.00 0.00
975.0 653.0 0.00 0.00
8.0 654.0 0.00 0.00
56.0 654.0 0.00 0.00
66.0 654.0 0.00 0.00
115.0 654.0 0.00 0.00
121.0 654.0 0.00 0.00
128.0 654.0 0.00 0.00
523.0 654.0 0.00 0.00
589.0 654.0 0.00 0.00
876.0 654.0 0.00 0.00
13.0 655.0 0.00 0.00
20.0 655.0 0.00 0.00
61.0 655.0 0.00 0.00
188.0 655.0 0.00 0.00
287.0 655.0 0.00 0.00
659.0 655.0 0.00 0.00
701.0 655.0 0.00 0.00
853.0 655.0 0.00 0.00
206.0 656.0 0.00 0.00
211.0 656.0 0.00 0.00
578.0 656.0 0.00 0.00
101.0 657.0 0.00 0.00
148.0 657.0 0.00 0.00
336.0 657.0 0.00 0.00
356.0 657.0 0.00 0.00
619.0 657.0 0.00 0.00
1004.0 657.0 0.00 0.00
43.0 658.0 0.00 0.00
51.0 658.0 0.00 0.00
143.0 658.0 0.00 0.00
504.0 658.0 0.00 0.00
714.0 658.0 0.00 0.00
774.0 658.0 0.00 0.00
934.0 658.0 0.00 0.00
948.0 658.0 0.00 0.00
8.0 659.0 0.00 0.00
268.0 659.0 0.00 0.00
379.0 659.0 0.00 0.00
516.0 659.0 0.00 0.00
875.0 659.0 0.00 0.00
996.0 659.0 0.00 0.00
60.0 660.0 0.00 0.00
80.0 660.0 0.00 0.00
489.0 660.0 0.00 0.00
695.0 660.0 0.00 0.00
764.0 660.0 0.00 0.00
855.0 660.0 0.00 0.00
158.0 661.0 0.00 0.00
168.0 661.0 0.00 0.00
372.0 661.0 0.00 0.00
392.0 661.0 0.00 0.00
672.0 661.0 0.00 0.00
112.0 662.0 0.00 0.00
683.0 662.0 0.00 0.00
1008.0 662.0 0.00 0.00
125.0 663.0 0.00 0.00
177.0 663.0 0.00 0.00
300.0 663.0 0.00 0.00
586.0 663.0 0.00 0.00
626.0 663.0 0.00 0.00
772.0 663.0 0.00 0.00
928.0 663.0 0.00 0.00
968.0 663.0 0.00 0.00
977.0 663.0 0.00 0.00
1015.0 663.0 0.00 0.00
44.0 664.0 0.00 0.00
89.0 664.0 0.00 0.00
94.0 664.0 0.00 0.00
293.0 664.0 0.00 0.00
790.0 664.0 0.00 0.00
875.0 664.0 0.00 0.00
905.0 664.0 0.00 0.00
910.0 664.0 0.00 0.00
915.0 664.0 0.00 0.00
982.0 664.0 0.00 0.00
99.0 665.0 0.00 0.00
131.0 665.0 0.00 0.00
185.0 665.0 0.00 0.00
190.0 665.0 0.00 0.00
549.0 665.0 0.00 0.00
598.0 665.0 0.00 0.00
58.0 666.0 0.00 0.00
104.0 666.0 0.00 0.00
647.0 666.0 0.00 0.00
657.0 666.0 0.00 0.00
1001.0 666.0 0.00 0.00
18.0 667.0 0.00 0.00
52.0 667.0 0.00 0.00
322.0 667.0 0.00 0.00
329.0 667.0 0.00 0.00
892.0 667.0 0.00 0.00
225.0 668.0 0.00 0.00
751.0 668.0 0.00 0.00
811.0 668.0 0.00 0.00
824.0 668.0 0.00 0.00
829.0 668.0 0.00 0.00
924.0 668.0 0.00 0.00
962.0 668.0 0.00 0.00
244.0 669.0 0.00 0.00
284.0 669.0 0.00 0.00
669.0 669.0 0.00 0.00
836.0 669.0 0.00 0.00
34.0 670.0 0.00 0.00
99.0 670.0 0.00 0.00
140.0 670.0 0.00 0.00
180.0 670.0 0.00 0.00
204.0 670.0 0.00 0.00
23.0 671.0 0.00 0.00
47.0 671.0 0.00 0.00
62.0 671.0 0.00 0.00
79.0 671.0 0.00 0.00
119.0 671.0 0.00 0.00
151.0 671.0 0.00 0.00
215.0 671.0 0.00 0.00
362.0 671.0 0.00 0.00
476.0 671.0 0.00 0.00
511.0 671.0 0.00 0.00
693.0 671.0 0.00 0.00
806.0 671.0 0.00 0.00
846.0 671.0 0.00 0.00
943.0 671.0 0.00 0.00
949.0 671.0 0.00 0.00
991.0 671.0 0.00 0.00
