4385 128
853.0 8.0 0.00 0.00
312.0 18.0 0.00 0.00
324.0 23.0 0.00 0.00
329.0 24.0 0.00 0.00
295.0 26.0 0.00 0.00
300.0 26.0 0.00 0.00
335.0 26.0 0.00 0.00
9.0 27.0 0.00 0.00
14.0 27.0 0.00 0.00
305.0 27.0 0.00 0.00
340.0 27.0 0.00 0.00
345.0 28.0 0.00 0.00
350.0 29.0 0.00 0.00
22.0 30.0 0.00 0.00
360.0 30.0 0.00 0.00
27.0 31.0 0.00 0.00
278.0 31.0 0.00 0.00
369.0 31.0 0.00 0.00
32.0 32.0 0.00 0.00
374.0 33.0 0.00 0.00
705.0 33.0 0.00 0.00
41.0 34.0 0.00 0.00
335.0 34.0 0.00 0.00
48.0 35.0 0.00 0.00
391.0 36.0 0.00 0.00
399.0 36.0 0.00 0.00
255.0 37.0 0.00 0.00
261.0 37.0 0.00 0.00
266.0 37.0 0.00 0.00
350.0 37.0 0.00 0.00
355.0 38.0 0.00 0.00
57.0 39.0 0.00 0.00
361.0 39.0 0.00 0.00
404.0 39.0 0.00 0.00
247.0 40.0 0.00 0.00
302.0 40.0 0.00 0.00
62.0 42.0 0.00 0.00
413.0 42.0 0.00 0.00
40.0 43.0 0.00 0.00
67.0 43.0 0.00 0.00
216.0 44.0 0.00 0.00
297.0 44.0 0.00 0.00
389.0 44.0 0.00 0.00
25.0 45.0 0.00 0.00
210.0 45.0 0.00 0.00
222.0 45.0 0.00 0.00
8.0 46.0 0.00 0.00
75.0 46.0 0.00 0.00
236.0 46.0 0.00 0.00
376.0 46.0 0.00 0.00
312.0 47.0 0.00 0.00
325.0 47.0 0.00 0.00
363.0 47.0 0.00 0.00
38.0 48.0 0.00 0.00
50.0 48.0 0.00 0.00
231.0 48.0 0.00 0.00
243.0 48.0 0.00 0.00
59.0 49.0 0.00 0.00
417.0 49.0 0.00 0.00
386.0 50.0 0.00 0.00
17.0 51.0 0.00 0.00
81.0 52.0 0.00 0.00
269.0 52.0 0.00 0.00
22.0 53.0 0.00 0.00
427.0 53.0 0.00 0.00
64.0 54.0 0.00 0.00
73.0 54.0 0.00 0.00
218.0 54.0 0.00 0.00
321.0 54.0 0.00 0.00
338.0 54.0 0.00 0.00
27.0 55.0 0.00 0.00
316.0 55.0 0.00 0.00
352.0 55.0 0.00 0.00
37.0 56.0 0.00 0.00
88.0 56.0 0.00 0.00
93.0 56.0 0.00 0.00
186.0 56.0 0.00 0.00
290.0 56.0 0.00 0.00
376.0 56.0 0.00 0.00
387.0 56.0 0.00 0.00
399.0 56.0 0.00 0.00
303.0 58.0 0.00 0.00
362.0 58.0 0.00 0.00
371.0 58.0 0.00 0.00
71.0 59.0 0.00 0.00
239.0 59.0 0.00 0.00
82.0 60.0 0.00 0.00
93.0 61.0 0.00 0.00
101.0 61.0 0.00 0.00
274.0 61.0 0.00 0.00
435.0 61.0 0.00 0.00
21.0 62.0 0.00 0.00
145.0 62.0 0.00 0.00
153.0 62.0 0.00 0.00
174.0 62.0 0.00 0.00
330.0 62.0 0.00 0.00
413.0 63.0 0.00 0.00
65.0 64.0 0.00 0.00
168.0 64.0 0.00 0.00
260.0 64.0 0.00 0.00
9.0 65.0 0.00 0.00
201.0 65.0 0.00 0.00
255.0 65.0 0.00 0.00
386.0 65.0 0.00 0.00
57.0 66.0 0.00 0.00
72.0 66.0 0.00 0.00
436.0 66.0 0.00 0.00
90.0 67.0 0.00 0.00
248.0 67.0 0.00 0.00
295.0 68.0 0.00 0.00
160.0 69.0 0.00 0.00
312.0 69.0 0.00 0.00
400.0 69.0 0.00 0.00
17.0 70.0 0.00 0.00
440.0 71.0 0.00 0.00
74.0 72.0 0.00 0.00
89.0 72.0 0.00 0.00
94.0 72.0 0.00 0.00
237.0 72.0 0.00 0.00
269.0 72.0 0.00 0.00
340.0 72.0 0.00 0.00
362.0 72.0 0.00 0.00
380.0 72.0 0.00 0.00
429.0 72.0 0.00 0.00
434.0 72.0 0.00 0.00
27.0 73.0 0.00 0.00
101.0 73.0 0.00 0.00
106.0 73.0 0.00 0.00
169.0 73.0 0.00 0.00
274.0 73.0 0.00 0.00
455.0 73.0 0.00 0.00
43.0 74.0 0.00 0.00
231.0 74.0 0.00 0.00
226.0 75.0 0.00 0.00
191.0 76.0 0.00 0.00
252.0 76.0 0.00 0.00
323.0 76.0 0.00 0.00
460.0 76.0 0.00 0.00
79.0 77.0 0.00 0.00
115.0 77.0 0.00 0.00
135.0 77.0 0.00 0.00
261.0 77.0 0.00 0.00
296.0 77.0 0.00 0.00
305.0 77.0 0.00 0.00
103.0 78.0 0.00 0.00
221.0 78.0 0.00 0.00
291.0 78.0 0.00 0.00
374.0 78.0 0.00 0.00
28.0 79.0 0.00 0.00
216.0 79.0 0.00 0.00
279.0 80.0 0.00 0.00
412.0 80.0 0.00 0.00
10.0 81.0 0.00 0.00
49.0 81.0 0.00 0.00
88.0 81.0 0.00 0.00
93.0 81.0 0.00 0.00
178.0 81.0 0.00 0.00
243.0 81.0 0.00 0.00
248.0 81.0 0.00 0.00
386.0 81.0 0.00 0.00
54.0 82.0 0.00 0.00
343.0 82.0 0.00 0.00
434.0 82.0 0.00 0.00
60.0 83.0 0.00 0.00
103.0 83.0 0.00 0.00
108.0 83.0 0.00 0.00
119.0 83.0 0.00 0.00
267.0 83.0 0.00 0.00
71.0 84.0 0.00 0.00
227.0 84.0 0.00 0.00
49.0 86.0 0.00 0.00
65.0 86.0 0.00 0.00
89.0 86.0 0.00 0.00
128.0 86.0 0.00 0.00
216.0 86.0 0.00 0.00
400.0 86.0 0.00 0.00
19.0 87.0 0.00 0.00
84.0 87.0 0.00 0.00
96.0 87.0 0.00 0.00
256.0 87.0 0.00 0.00
433.0 87.0 0.00 0.00
438.0 87.0 0.00 0.00
456.0 87.0 0.00 0.00
117.0 88.0 0.00 0.00
160.0 88.0 0.00 0.00
251.0 88.0 0.00 0.00
368.0 88.0 0.00 0.00
467.0 88.0 0.00 0.00
31.0 89.0 0.00 0.00
224.0 89.0 0.00 0.00
229.0 89.0 0.00 0.00
409.0 90.0 0.00 0.00
66.0 91.0 0.00 0.00
200.0 91.0 0.00 0.00
244.0 91.0 0.00 0.00
87.0 92.0 0.00 0.00
123.0 92.0 0.00 0.00
169.0 92.0 0.00 0.00
195.0 92.0 0.00 0.00
18.0 93.0 0.00 0.00
109.0 93.0 0.00 0.00
239.0 93.0 0.00 0.00
421.0 93.0 0.00 0.00
449.0 93.0 0.00 0.00
134.0 94.0 0.00 0.00
221.0 94.0 0.00 0.00
129.0 95.0 0.00 0.00
472.0 95.0 0.00 0.00
8.0 96.0 0.00 0.00
34.0 96.0 0.00 0.00
39.0 96.0 0.00 0.00
66.0 96.0 0.00 0.00
48.0 97.0 0.00 0.00
53.0 97.0 0.00 0.00
59.0 97.0 0.00 0.00
91.0 97.0 0.00 0.00
119.0 97.0 0.00 0.00
184.0 97.0 0.00 0.00
398.0 97.0 0.00 0.00
452.0 98.0 0.00 0.00
156.0 99.0 0.00 0.00
223.0 99.0 0.00 0.00
228.0 99.0 0.00 0.00
480.0 99.0 0.00 0.00
101.0 100.0 0.00 0.00
43.0 101.0 0.00 0.00
416.0 101.0 0.00 0.00
432.0 101.0 0.00 0.00
461.0 101.0 0.00 0.00
30.0 102.0 0.00 0.00
91.0 102.0 0.00 0.00
176.0 103.0 0.00 0.00
404.0 103.0 0.00 0.00
82.0 104.0 0.00 0.00
117.0 104.0 0.00 0.00
21.0 105.0 0.00 0.00
55.0 105.0 0.00 0.00
124.0 105.0 0.00 0.00
135.0 105.0 0.00 0.00
409.0 105.0 0.00 0.00
489.0 105.0 0.00 0.00
494.0 105.0 0.00 0.00
105.0 106.0 0.00 0.00
443.0 106.0 0.00 0.00
462.0 106.0 0.00 0.00
12.0 107.0 0.00 0.00
110.0 107.0 0.00 0.00
140.0 107.0 0.00 0.00
43.0 108.0 0.00 0.00
49.0 108.0 0.00 0.00
60.0 108.0 0.00 0.00
211.0 108.0 0.00 0.00
414.0 108.0 0.00 0.00
473.0 108.0 0.00 0.00
30.0 109.0 0.00 0.00
719.0 109.0 0.00 0.00
25.0 110.0 0.00 0.00
499.0 110.0 0.00 0.00
105.0 111.0 0.00 0.00
184.0 111.0 0.00 0.00
113.0 112.0 0.00 0.00
166.0 112.0 0.00 0.00
400.0 112.0 0.00 0.00
481.0 112.0 0.00 0.00
486.0 112.0 0.00 0.00
118.0 113.0 0.00 0.00
422.0 113.0 0.00 0.00
19.0 114.0 0.00 0.00
74.0 114.0 0.00 0.00
201.0 114.0 0.00 0.00
106.0 116.0 0.00 0.00
468.0 116.0 0.00 0.00
55.0 117.0 0.00 0.00
90.0 117.0 0.00 0.00
95.0 117.0 0.00 0.00
128.0 117.0 0.00 0.00
429.0 117.0 0.00 0.00
445.0 117.0 0.00 0.00
457.0 117.0 0.00 0.00
481.0 117.0 0.00 0.00
494.0 117.0 0.00 0.00
44.0 118.0 0.00 0.00
20.0 119.0 0.00 0.00
64.0 119.0 0.00 0.00
520.0 119.0 0.00 0.00
528.0 119.0 0.00 0.00
10.0 120.0 0.00 0.00
15.0 120.0 0.00 0.00
154.0 120.0 0.00 0.00
178.0 121.0 0.00 0.00
434.0 121.0 0.00 0.00
470.0 121.0 0.00 0.00
507.0 121.0 0.00 0.00
107.0 122.0 0.00 0.00
191.0 122.0 0.00 0.00
388.0 122.0 0.00 0.00
483.0 122.0 0.00 0.00
488.0 122.0 0.00 0.00
535.0 122.0 0.00 0.00
74.0 123.0 0.00 0.00
85.0 123.0 0.00 0.00
166.0 123.0 0.00 0.00
172.0 123.0 0.00 0.00
374.0 123.0 0.00 0.00
413.0 123.0 0.00 0.00
464.0 123.0 0.00 0.00
540.0 123.0 0.00 0.00
549.0 123.0 0.00 0.00
27.0 124.0 0.00 0.00
161.0 124.0 0.00 0.00
369.0 125.0 0.00 0.00
439.0 125.0 0.00 0.00
51.0 126.0 0.00 0.00
79.0 126.0 0.00 0.00
186.0 126.0 0.00 0.00
107.0 127.0 0.00 0.00
138.0 127.0 0.00 0.00
480.0 127.0 0.00 0.00
41.0 128.0 0.00 0.00
62.0 128.0 0.00 0.00
84.0 128.0 0.00 0.00
126.0 128.0 0.00 0.00
155.0 128.0 0.00 0.00
395.0 128.0 0.00 0.00
513.0 128.0 0.00 0.00
20.0 129.0 0.00 0.00
555.0 129.0 0.00 0.00
560.0 129.0 0.00 0.00
68.0 130.0 0.00 0.00
73.0 130.0 0.00 0.00
90.0 130.0 0.00 0.00
350.0 130.0 0.00 0.00
541.0 130.0 0.00 0.00
632.0 130.0 0.00 0.00
54.0 131.0 0.00 0.00
182.0 131.0 0.00 0.00
617.0 131.0 0.00 0.00
147.0 132.0 0.00 0.00
463.0 132.0 0.00 0.00
493.0 132.0 0.00 0.00
158.0 133.0 0.00 0.00
476.0 133.0 0.00 0.00
523.0 133.0 0.00 0.00
612.0 133.0 0.00 0.00
452.0 134.0 0.00 0.00
601.0 134.0 0.00 0.00
606.0 134.0 0.00 0.00
138.0 135.0 0.00 0.00
541.0 135.0 0.00 0.00
592.0 135.0 0.00 0.00
29.0 136.0 0.00 0.00
55.0 136.0 0.00 0.00
85.0 136.0 0.00 0.00
112.0 136.0 0.00 0.00
510.0 136.0 0.00 0.00
553.0 136.0 0.00 0.00
80.0 137.0 0.00 0.00
569.0 137.0 0.00 0.00
639.0 137.0 0.00 0.00
63.0 138.0 0.00 0.00
132.0 138.0 0.00 0.00
527.0 138.0 0.00 0.00
583.0 138.0 0.00 0.00
104.0 139.0 0.00 0.00
481.0 139.0 0.00 0.00
516.0 139.0 0.00 0.00
722.0 139.0 0.00 0.00
358.0 140.0 0.00 0.00
574.0 140.0 0.00 0.00
93.0 141.0 0.00 0.00
151.0 141.0 0.00 0.00
168.0 141.0 0.00 0.00
618.0 141.0 0.00 0.00
19.0 142.0 0.00 0.00
32.0 142.0 0.00 0.00
75.0 142.0 0.00 0.00
503.0 142.0 0.00 0.00
639.0 142.0 0.00 0.00
52.0 143.0 0.00 0.00
163.0 143.0 0.00 0.00
459.0 143.0 0.00 0.00
582.0 143.0 0.00 0.00
607.0 143.0 0.00 0.00
407.0 144.0 0.00 0.00
587.0 144.0 0.00 0.00
631.0 144.0 0.00 0.00
574.0 145.0 0.00 0.00
777.0 146.0 0.00 0.00
18.0 147.0 0.00 0.00
145.0 147.0 0.00 0.00
397.0 147.0 0.00 0.00
58.0 148.0 0.00 0.00
63.0 148.0 0.00 0.00
69.0 148.0 0.00 0.00
94.0 148.0 0.00 0.00
114.0 148.0 0.00 0.00
488.0 148.0 0.00 0.00
532.0 148.0 0.00 0.00
612.0 148.0 0.00 0.00
121.0 149.0 0.00 0.00
161.0 149.0 0.00 0.00
384.0 149.0 0.00 0.00
593.0 149.0 0.00 0.00
603.0 149.0 0.00 0.00
621.0 149.0 0.00 0.00
641.0 149.0 0.00 0.00
83.0 150.0 0.00 0.00
379.0 150.0 0.00 0.00
389.0 150.0 0.00 0.00
468.0 150.0 0.00 0.00
598.0 150.0 0.00 0.00
36.0 151.0 0.00 0.00
88.0 151.0 0.00 0.00
359.0 151.0 0.00 0.00
374.0 151.0 0.00 0.00
478.0 151.0 0.00 0.00
877.0 151.0 0.00 0.00
142.0 152.0 0.00 0.00
473.0 152.0 0.00 0.00
494.0 152.0 0.00 0.00
106.0 153.0 0.00 0.00
508.0 153.0 0.00 0.00
632.0 153.0 0.00 0.00
765.0 153.0 0.00 0.00
26.0 154.0 0.00 0.00
50.0 154.0 0.00 0.00
59.0 154.0 0.00 0.00
93.0 154.0 0.00 0.00
593.0 154.0 0.00 0.00
627.0 154.0 0.00 0.00
8.0 155.0 0.00 0.00
124.0 155.0 0.00 0.00
129.0 155.0 0.00 0.00
483.0 155.0 0.00 0.00
598.0 155.0 0.00 0.00
603.0 155.0 0.00 0.00
615.0 155.0 0.00 0.00
847.0 155.0 0.00 0.00
852.0 155.0 0.00 0.00
976.0 155.0 0.00 0.00
18.0 156.0 0.00 0.00
524.0 156.0 0.00 0.00
155.0 157.0 0.00 0.00
497.0 157.0 0.00 0.00
637.0 157.0 0.00 0.00
725.0 157.0 0.00 0.00
842.0 157.0 0.00 0.00
43.0 158.0 0.00 0.00
76.0 158.0 0.00 0.00
136.0 158.0 0.00 0.00
141.0 158.0 0.00 0.00
578.0 158.0 0.00 0.00
754.0 158.0 0.00 0.00
782.0 158.0 0.00 0.00
804.0 158.0 0.00 0.00
811.0 158.0 0.00 0.00
817.0 158.0 0.00 0.00
918.0 158.0 0.00 0.00
60.0 159.0 0.00 0.00
87.0 159.0 0.00 0.00
96.0 159.0 0.00 0.00
116.0 159.0 0.00 0.00
564.0 159.0 0.00 0.00
590.0 159.0 0.00 0.00
620.0 159.0 0.00 0.00
627.0 159.0 0.00 0.00
799.0 159.0 0.00 0.00
822.0 159.0 0.00 0.00
866.0 159.0 0.00 0.00
927.0 159.0 0.00 0.00
23.0 160.0 0.00 0.00
474.0 160.0 0.00 0.00
597.0 160.0 0.00 0.00
836.0 160.0 0.00 0.00
857.0 160.0 0.00 0.00
940.0 160.0 0.00 0.00
68.0 161.0 0.00 0.00
610.0 161.0 0.00 0.00
615.0 161.0 0.00 0.00
29.0 162.0 0.00 0.00
53.0 162.0 0.00 0.00
556.0 162.0 0.00 0.00
636.0 162.0 0.00 0.00
644.0 162.0 0.00 0.00
889.0 162.0 0.00 0.00
45.0 163.0 0.00 0.00
144.0 163.0 0.00 0.00
36.0 164.0 0.00 0.00
511.0 164.0 0.00 0.00
517.0 164.0 0.00 0.00
522.0 164.0 0.00 0.00
590.0 164.0 0.00 0.00
627.0 164.0 0.00 0.00
108.0 165.0 0.00 0.00
127.0 165.0 0.00 0.00
506.0 165.0 0.00 0.00
528.0 165.0 0.00 0.00
740.0 165.0 0.00 0.00
870.0 165.0 0.00 0.00
91.0 166.0 0.00 0.00
533.0 166.0 0.00 0.00
546.0 166.0 0.00 0.00
775.0 166.0 0.00 0.00
875.0 166.0 0.00 0.00
80.0 167.0 0.00 0.00
96.0 167.0 0.00 0.00
814.0 167.0 0.00 0.00
147.0 168.0 0.00 0.00
609.0 168.0 0.00 0.00
674.0 168.0 0.00 0.00
691.0 168.0 0.00 0.00
852.0 168.0 0.00 0.00
16.0 169.0 0.00 0.00
66.0 169.0 0.00 0.00
569.0 169.0 0.00 0.00
574.0 169.0 0.00 0.00
590.0 169.0 0.00 0.00
621.0 169.0 0.00 0.00
505.0 170.0 0.00 0.00
580.0 170.0 0.00 0.00
658.0 170.0 0.00 0.00
664.0 170.0 0.00 0.00
669.0 170.0 0.00 0.00
866.0 170.0 0.00 0.00
29.0 171.0 0.00 0.00
34.0 171.0 0.00 0.00
39.0 171.0 0.00 0.00
53.0 171.0 0.00 0.00
132.0 171.0 0.00 0.00
176.0 171.0 0.00 0.00
552.0 171.0 0.00 0.00
599.0 171.0 0.00 0.00
604.0 171.0 0.00 0.00
755.0 171.0 0.00 0.00
776.0 171.0 0.00 0.00
10.0 172.0 0.00 0.00
646.0 172.0 0.00 0.00
680.0 172.0 0.00 0.00
84.0 173.0 0.00 0.00
514.0 173.0 0.00 0.00
519.0 173.0 0.00 0.00
613.0 173.0 0.00 0.00
20.0 174.0 0.00 0.00
107.0 174.0 0.00 0.00
222.0 174.0 0.00 0.00
788.0 174.0 0.00 0.00
832.0 174.0 0.00 0.00
48.0 175.0 0.00 0.00
557.0 175.0 0.00 0.00
581.0 175.0 0.00 0.00
25.0 176.0 0.00 0.00
34.0 176.0 0.00 0.00
199.0 176.0 0.00 0.00
777.0 176.0 0.00 0.00
814.0 176.0 0.00 0.00
39.0 177.0 0.00 0.00
58.0 177.0 0.00 0.00
138.0 177.0 0.00 0.00
255.0 177.0 0.00 0.00
525.0 177.0 0.00 0.00
608.0 177.0 0.00 0.00
630.0 177.0 0.00 0.00
112.0 178.0 0.00 0.00
248.0 178.0 0.00 0.00
260.0 178.0 0.00 0.00
277.0 178.0 0.00 0.00
600.0 178.0 0.00 0.00
646.0 178.0 0.00 0.00
11.0 179.0 0.00 0.00
272.0 179.0 0.00 0.00
299.0 179.0 0.00 0.00
320.0 179.0 0.00 0.00
325.0 179.0 0.00 0.00
338.0 179.0 0.00 0.00
69.0 180.0 0.00 0.00
314.0 180.0 0.00 0.00
355.0 180.0 0.00 0.00
360.0 180.0 0.00 0.00
488.0 180.0 0.00 0.00
540.0 180.0 0.00 0.00
571.0 180.0 0.00 0.00
576.0 180.0 0.00 0.00
613.0 180.0 0.00 0.00
29.0 181.0 0.00 0.00
34.0 181.0 0.00 0.00
308.0 181.0 0.00 0.00
393.0 181.0 0.00 0.00
40.0 182.0 0.00 0.00
45.0 182.0 0.00 0.00
402.0 182.0 0.00 0.00
528.0 182.0 0.00 0.00
549.0 182.0 0.00 0.00
595.0 182.0 0.00 0.00
859.0 182.0 0.00 0.00
880.0 182.0 0.00 0.00
78.0 183.0 0.00 0.00
111.0 183.0 0.00 0.00
407.0 183.0 0.00 0.00
458.0 183.0 0.00 0.00
463.0 183.0 0.00 0.00
601.0 183.0 0.00 0.00
606.0 183.0 0.00 0.00
336.0 184.0 0.00 0.00
367.0 184.0 0.00 0.00
380.0 184.0 0.00 0.00
481.0 184.0 0.00 0.00
626.0 184.0 0.00 0.00
634.0 184.0 0.00 0.00
12.0 185.0 0.00 0.00
639.0 185.0 0.00 0.00
88.0 186.0 0.00 0.00
495.0 186.0 0.00 0.00
505.0 186.0 0.00 0.00
514.0 186.0 0.00 0.00
93.0 187.0 0.00 0.00
348.0 187.0 0.00 0.00
575.0 187.0 0.00 0.00
595.0 187.0 0.00 0.00
122.0 188.0 0.00 0.00
127.0 188.0 0.00 0.00
460.0 188.0 0.00 0.00
606.0 188.0 0.00 0.00
117.0 189.0 0.00 0.00
483.0 189.0 0.00 0.00
601.0 189.0 0.00 0.00
625.0 189.0 0.00 0.00
634.0 189.0 0.00 0.00
26.0 190.0 0.00 0.00
36.0 190.0 0.00 0.00
99.0 190.0 0.00 0.00
524.0 190.0 0.00 0.00
587.0 190.0 0.00 0.00
640.0 190.0 0.00 0.00
16.0 191.0 0.00 0.00
21.0 191.0 0.00 0.00
330.0 191.0 0.00 0.00
358.0 191.0 0.00 0.00
488.0 191.0 0.00 0.00
495.0 191.0 0.00 0.00
175.0 192.0 0.00 0.00
367.0 192.0 0.00 0.00
406.0 192.0 0.00 0.00
574.0 192.0 0.00 0.00
8.0 193.0 0.00 0.00
263.0 193.0 0.00 0.00
426.0 193.0 0.00 0.00
614.0 193.0 0.00 0.00
619.0 193.0 0.00 0.00
187.0 194.0 0.00 0.00
222.0 194.0 0.00 0.00
232.0 194.0 0.00 0.00
379.0 194.0 0.00 0.00
604.0 194.0 0.00 0.00
110.0 195.0 0.00 0.00
279.0 195.0 0.00 0.00
372.0 195.0 0.00 0.00
442.0 195.0 0.00 0.00
478.0 195.0 0.00 0.00
518.0 195.0 0.00 0.00
244.0 196.0 0.00 0.00
495.0 196.0 0.00 0.00
609.0 196.0 0.00 0.00
996.0 196.0 0.00 0.00
120.0 197.0 0.00 0.00
175.0 197.0 0.00 0.00
214.0 197.0 0.00 0.00
305.0 197.0 0.00 0.00
310.0 197.0 0.00 0.00
315.0 197.0 0.00 0.00
554.0 197.0 0.00 0.00
631.0 197.0 0.00 0.00
641.0 197.0 0.00 0.00
669.0 197.0 0.00 0.00
274.0 198.0 0.00 0.00
536.0 198.0 0.00 0.00
655.0 198.0 0.00 0.00
660.0 198.0 0.00 0.00
82.0 199.0 0.00 0.00
614.0 199.0 0.00 0.00
751.0 199.0 0.00 0.00
156.0 200.0 0.00 0.00
391.0 200.0 0.00 0.00
406.0 200.0 0.00 0.00
480.0 200.0 0.00 0.00
568.0 200.0 0.00 0.00
574.0 200.0 0.00 0.00
767.0 200.0 0.00 0.00
23.0 201.0 0.00 0.00
52.0 201.0 0.00 0.00
170.0 201.0 0.00 0.00
181.0 201.0 0.00 0.00
419.0 201.0 0.00 0.00
437.0 201.0 0.00 0.00
8.0 202.0 0.00 0.00
120.0 202.0 0.00 0.00
139.0 202.0 0.00 0.00
215.0 202.0 0.00 0.00
424.0 202.0 0.00 0.00
581.0 202.0 0.00 0.00
298.0 203.0 0.00 0.00
560.0 203.0 0.00 0.00
624.0 203.0 0.00 0.00
664.0 203.0 0.00 0.00
792.0 203.0 0.00 0.00
37.0 204.0 0.00 0.00
103.0 204.0 0.00 0.00
148.0 204.0 0.00 0.00
262.0 204.0 0.00 0.00
267.0 204.0 0.00 0.00
613.0 204.0 0.00 0.00
618.0 204.0 0.00 0.00
320.0 205.0 0.00 0.00
339.0 205.0 0.00 0.00
352.0 205.0 0.00 0.00
374.0 205.0 0.00 0.00
400.0 205.0 0.00 0.00
461.0 205.0 0.00 0.00
605.0 205.0 0.00 0.00
712.0 205.0 0.00 0.00
858.0 206.0 0.00 0.00
989.0 206.0 0.00 0.00
32.0 207.0 0.00 0.00
46.0 207.0 0.00 0.00
251.0 207.0 0.00 0.00
472.0 207.0 0.00 0.00
503.0 207.0 0.00 0.00
565.0 207.0 0.00 0.00
632.0 207.0 0.00 0.00
644.0 207.0 0.00 0.00
844.0 207.0 0.00 0.00
863.0 207.0 0.00 0.00
1000.0 207.0 0.00 0.00
277.0 208.0 0.00 0.00
297.0 208.0 0.00 0.00
330.0 208.0 0.00 0.00
365.0 208.0 0.00 0.00
483.0 208.0 0.00 0.00
498.0 208.0 0.00 0.00
627.0 208.0 0.00 0.00
639.0 208.0 0.00 0.00
665.0 208.0 0.00 0.00
821.0 208.0 0.00 0.00
97.0 209.0 0.00 0.00
302.0 209.0 0.00 0.00
309.0 209.0 0.00 0.00
450.0 209.0 0.00 0.00
525.0 209.0 0.00 0.00
539.0 209.0 0.00 0.00
575.0 209.0 0.00 0.00
580.0 209.0 0.00 0.00
610.0 209.0 0.00 0.00
620.0 209.0 0.00 0.00
191.0 210.0 0.00 0.00
556.0 210.0 0.00 0.00
586.0 210.0 0.00 0.00
186.0 211.0 0.00 0.00
405.0 211.0 0.00 0.00
570.0 211.0 0.00 0.00
653.0 211.0 0.00 0.00
773.0 211.0 0.00 0.00
11.0 212.0 0.00 0.00
78.0 212.0 0.00 0.00
411.0 212.0 0.00 0.00
471.0 212.0 0.00 0.00
633.0 212.0 0.00 0.00
692.0 212.0 0.00 0.00
760.0 212.0 0.00 0.00
792.0 212.0 0.00 0.00
797.0 212.0 0.00 0.00
803.0 212.0 0.00 0.00
1000.0 212.0 0.00 0.00
30.0 213.0 0.00 0.00
65.0 213.0 0.00 0.00
73.0 213.0 0.00 0.00
424.0 213.0 0.00 0.00
533.0 213.0 0.00 0.00
600.0 213.0 0.00 0.00
638.0 213.0 0.00 0.00
707.0 213.0 0.00 0.00
722.0 213.0 0.00 0.00
747.0 213.0 0.00 0.00
765.0 213.0 0.00 0.00
43.0 214.0 0.00 0.00
49.0 214.0 0.00 0.00
209.0 214.0 0.00 0.00
450.0 214.0 0.00 0.00
456.0 214.0 0.00 0.00
524.0 214.0 0.00 0.00
609.0 214.0 0.00 0.00
614.0 214.0 0.00 0.00
783.0 214.0 0.00 0.00
986.0 214.0 0.00 0.00
54.0 215.0 0.00 0.00
171.0 215.0 0.00 0.00
176.0 215.0 0.00 0.00
198.0 215.0 0.00 0.00
290.0 215.0 0.00 0.00
672.0 215.0 0.00 0.00
113.0 216.0 0.00 0.00
397.0 216.0 0.00 0.00
507.0 216.0 0.00 0.00
543.0 216.0 0.00 0.00
569.0 216.0 0.00 0.00
834.0 216.0 0.00 0.00
303.0 217.0 0.00 0.00
471.0 217.0 0.00 0.00
551.0 217.0 0.00 0.00
556.0 217.0 0.00 0.00
561.0 217.0 0.00 0.00
623.0 217.0 0.00 0.00
651.0 217.0 0.00 0.00
742.0 217.0 0.00 0.00
839.0 217.0 0.00 0.00
923.0 217.0 0.00 0.00
936.0 217.0 0.00 0.00
347.0 218.0 0.00 0.00
600.0 218.0 0.00 0.00
637.0 218.0 0.00 0.00
677.0 218.0 0.00 0.00
820.0 218.0 0.00 0.00
825.0 218.0 0.00 0.00
869.0 218.0 0.00 0.00
614.0 219.0 0.00 0.00
645.0 219.0 0.00 0.00
447.0 220.0 0.00 0.00
582.0 220.0 0.00 0.00
665.0 220.0 0.00 0.00
854.0 220.0 0.00 0.00
882.0 220.0 0.00 0.00
917.0 220.0 0.00 0.00
983.0 220.0 0.00 0.00
20.0 221.0 0.00 0.00
66.0 221.0 0.00 0.00
117.0 221.0 0.00 0.00
485.0 221.0 0.00 0.00
490.0 221.0 0.00 0.00
524.0 221.0 0.00 0.00
568.0 221.0 0.00 0.00
1000.0 221.0 0.00 0.00
86.0 222.0 0.00 0.00
360.0 222.0 0.00 0.00
480.0 222.0 0.00 0.00
499.0 222.0 0.00 0.00
544.0 222.0 0.00 0.00
651.0 222.0 0.00 0.00
656.0 222.0 0.00 0.00
922.0 222.0 0.00 0.00
261.0 223.0 0.00 0.00
424.0 223.0 0.00 0.00
698.0 223.0 0.00 0.00
824.0 223.0 0.00 0.00
968.0 223.0 0.00 0.00
123.0 224.0 0.00 0.00
608.0 224.0 0.00 0.00
620.0 224.0 0.00 0.00
646.0 224.0 0.00 0.00
673.0 224.0 0.00 0.00
693.0 224.0 0.00 0.00
75.0 225.0 0.00 0.00
140.0 225.0 0.00 0.00
161.0 225.0 0.00 0.00
508.0 225.0 0.00 0.00
631.0 225.0 0.00 0.00
858.0 225.0 0.00 0.00
933.0 225.0 0.00 0.00
145.0 226.0 0.00 0.00
199.0 226.0 0.00 0.00
397.0 226.0 0.00 0.00
462.0 226.0 0.00 0.00
636.0 226.0 0.00 0.00
686.0 226.0 0.00 0.00
818.0 226.0 0.00 0.00
194.0 227.0 0.00 0.00
210.0 227.0 0.00 0.00
361.0 227.0 0.00 0.00
681.0 227.0 0.00 0.00
901.0 227.0 0.00 0.00
939.0 227.0 0.00 0.00
957.0 227.0 0.00 0.00
625.0 228.0 0.00 0.00
866.0 228.0 0.00 0.00
891.0 228.0 0.00 0.00
896.0 228.0 0.00 0.00
234.0 229.0 0.00 0.00
546.0 229.0 0.00 0.00
620.0 229.0 0.00 0.00
656.0 229.0 0.00 0.00
830.0 229.0 0.00 0.00
841.0 229.0 0.00 0.00
882.0 229.0 0.00 0.00
983.0 229.0 0.00 0.00
988.0 229.0 0.00 0.00
54.0 230.0 0.00 0.00
63.0 230.0 0.00 0.00
68.0 230.0 0.00 0.00
74.0 230.0 0.00 0.00
189.0 230.0 0.00 0.00
381.0 230.0 0.00 0.00
386.0 230.0 0.00 0.00
557.0 230.0 0.00 0.00
998.0 230.0 0.00 0.00
9.0 231.0 0.00 0.00
27.0 231.0 0.00 0.00
33.0 231.0 0.00 0.00
81.0 231.0 0.00 0.00
376.0 231.0 0.00 0.00
800.0 231.0 0.00 0.00
18.0 232.0 0.00 0.00
86.0 232.0 0.00 0.00
91.0 232.0 0.00 0.00
107.0 232.0 0.00 0.00
116.0 232.0 0.00 0.00
121.0 232.0 0.00 0.00
180.0 232.0 0.00 0.00
194.0 232.0 0.00 0.00
303.0 232.0 0.00 0.00
564.0 232.0 0.00 0.00
589.0 232.0 0.00 0.00
638.0 232.0 0.00 0.00
669.0 232.0 0.00 0.00
786.0 232.0 0.00 0.00
855.0 232.0 0.00 0.00
945.0 232.0 0.00 0.00
971.0 232.0 0.00 0.00
978.0 232.0 0.00 0.00
96.0 233.0 0.00 0.00
101.0 233.0 0.00 0.00
128.0 233.0 0.00 0.00
133.0 233.0 0.00 0.00
157.0 233.0 0.00 0.00
162.0 233.0 0.00 0.00
167.0 233.0 0.00 0.00
175.0 233.0 0.00 0.00
327.0 233.0 0.00 0.00
337.0 233.0 0.00 0.00
450.0 233.0 0.00 0.00
481.0 233.0 0.00 0.00
525.0 233.0 0.00 0.00
644.0 233.0 0.00 0.00
850.0 233.0 0.00 0.00
866.0 233.0 0.00 0.00
1006.0 233.0 0.00 0.00
138.0 234.0 0.00 0.00
143.0 234.0 0.00 0.00
150.0 234.0 0.00 0.00
294.0 234.0 0.00 0.00
332.0 234.0 0.00 0.00
393.0 234.0 0.00 0.00
398.0 234.0 0.00 0.00
578.0 234.0 0.00 0.00
583.0 234.0 0.00 0.00
655.0 234.0 0.00 0.00
829.0 234.0 0.00 0.00
885.0 234.0 0.00 0.00
913.0 234.0 0.00 0.00
959.0 234.0 0.00 0.00
1011.0 234.0 0.00 0.00
211.0 235.0 0.00 0.00
222.0 235.0 0.00 0.00
370.0 235.0 0.00 0.00
388.0 235.0 0.00 0.00
404.0 235.0 0.00 0.00
432.0 235.0 0.00 0.00
617.0 235.0 0.00 0.00
622.0 235.0 0.00 0.00
707.0 235.0 0.00 0.00
844.0 235.0 0.00 0.00
376.0 236.0 0.00 0.00
413.0 236.0 0.00 0.00
421.0 236.0 0.00 0.00
510.0 236.0 0.00 0.00
627.0 236.0 0.00 0.00
632.0 236.0 0.00 0.00
681.0 236.0 0.00 0.00
712.0 236.0 0.00 0.00
200.0 237.0 0.00 0.00
718.0 237.0 0.00 0.00
893.0 237.0 0.00 0.00
97.0 238.0 0.00 0.00
451.0 238.0 0.00 0.00
697.0 238.0 0.00 0.00
137.0 239.0 0.00 0.00
185.0 239.0 0.00 0.00
348.0 239.0 0.00 0.00
532.0 239.0 0.00 0.00
828.0 239.0 0.00 0.00
877.0 239.0 0.00 0.00
885.0 239.0 0.00 0.00
343.0 240.0 0.00 0.00
356.0 240.0 0.00 0.00
361.0 240.0 0.00 0.00
465.0 240.0 0.00 0.00
558.0 240.0 0.00 0.00
619.0 240.0 0.00 0.00
637.0 240.0 0.00 0.00
843.0 240.0 0.00 0.00
872.0 240.0 0.00 0.00
979.0 240.0 0.00 0.00
30.0 241.0 0.00 0.00
74.0 241.0 0.00 0.00
164.0 241.0 0.00 0.00
173.0 241.0 0.00 0.00
211.0 241.0 0.00 0.00
302.0 241.0 0.00 0.00
311.0 241.0 0.00 0.00
388.0 241.0 0.00 0.00
413.0 241.0 0.00 0.00
424.0 241.0 0.00 0.00
511.0 241.0 0.00 0.00
597.0 241.0 0.00 0.00
628.0 241.0 0.00 0.00
666.0 241.0 0.00 0.00
671.0 241.0 0.00 0.00
727.0 241.0 0.00 0.00
732.0 241.0 0.00 0.00
739.0 241.0 0.00 0.00
900.0 241.0 0.00 0.00
281.0 242.0 0.00 0.00
336.0 242.0 0.00 0.00
379.0 242.0 0.00 0.00
397.0 242.0 0.00 0.00
419.0 242.0 0.00 0.00
438.0 242.0 0.00 0.00
482.0 242.0 0.00 0.00
499.0 242.0 0.00 0.00
553.0 242.0 0.00 0.00
579.0 242.0 0.00 0.00
940.0 242.0 0.00 0.00
125.0 243.0 0.00 0.00
130.0 243.0 0.00 0.00
179.0 243.0 0.00 0.00
225.0 243.0 0.00 0.00
328.0 243.0 0.00 0.00
642.0 243.0 0.00 0.00
647.0 243.0 0.00 0.00
652.0 243.0 0.00 0.00
848.0 243.0 0.00 0.00
914.0 243.0 0.00 0.00
935.0 243.0 0.00 0.00
947.0 243.0 0.00 0.00
19.0 244.0 0.00 0.00
25.0 244.0 0.00 0.00
429.0 244.0 0.00 0.00
545.0 244.0 0.00 0.00
827.0 244.0 0.00 0.00
993.0 244.0 0.00 0.00
11.0 245.0 0.00 0.00
142.0 245.0 0.00 0.00
250.0 245.0 0.00 0.00
345.0 245.0 0.00 0.00
449.0 245.0 0.00 0.00
618.0 245.0 0.00 0.00
623.0 245.0 0.00 0.00
859.0 245.0 0.00 0.00
920.0 245.0 0.00 0.00
925.0 245.0 0.00 0.00
111.0 246.0 0.00 0.00
193.0 246.0 0.00 0.00
211.0 246.0 0.00 0.00
216.0 246.0 0.00 0.00
388.0 246.0 0.00 0.00
424.0 246.0 0.00 0.00
462.0 246.0 0.00 0.00
511.0 246.0 0.00 0.00
517.0 246.0 0.00 0.00
523.0 246.0 0.00 0.00
538.0 246.0 0.00 0.00
628.0 246.0 0.00 0.00
664.0 246.0 0.00 0.00
959.0 246.0 0.00 0.00
966.0 246.0 0.00 0.00
48.0 247.0 0.00 0.00
153.0 247.0 0.00 0.00
237.0 247.0 0.00 0.00
265.0 247.0 0.00 0.00
272.0 247.0 0.00 0.00
278.0 247.0 0.00 0.00
397.0 247.0 0.00 0.00
439.0 247.0 0.00 0.00
502.0 247.0 0.00 0.00
554.0 247.0 0.00 0.00
658.0 247.0 0.00 0.00
695.0 247.0 0.00 0.00
889.0 247.0 0.00 0.00
40.0 248.0 0.00 0.00
125.0 248.0 0.00 0.00
226.0 248.0 0.00 0.00
231.0 248.0 0.00 0.00
260.0 248.0 0.00 0.00
434.0 248.0 0.00 0.00
570.0 248.0 0.00 0.00
643.0 248.0 0.00 0.00
714.0 248.0 0.00 0.00
894.0 248.0 0.00 0.00
899.0 248.0 0.00 0.00
116.0 249.0 0.00 0.00
167.0 249.0 0.00 0.00
429.0 249.0 0.00 0.00
531.0 249.0 0.00 0.00
583.0 249.0 0.00 0.00
588.0 249.0 0.00 0.00
596.0 249.0 0.00 0.00
742.0 249.0 0.00 0.00
747.0 249.0 0.00 0.00
142.0 250.0 0.00 0.00
172.0 250.0 0.00 0.00
329.0 250.0 0.00 0.00
347.0 250.0 0.00 0.00
402.0 250.0 0.00 0.00
451.0 250.0 0.00 0.00
601.0 250.0 0.00 0.00
982.0 250.0 0.00 0.00
137.0 251.0 0.00 0.00
411.0 251.0 0.00 0.00
416.0 251.0 0.00 0.00
543.0 251.0 0.00 0.00
548.0 251.0 0.00 0.00
632.0 251.0 0.00 0.00
937.0 251.0 0.00 0.00
972.0 251.0 0.00 0.00
977.0 251.0 0.00 0.00
995.0 251.0 0.00 0.00
554.0 252.0 0.00 0.00
658.0 252.0 0.00 0.00
32.0 253.0 0.00 0.00
104.0 253.0 0.00 0.00
121.0 253.0 0.00 0.00
187.0 253.0 0.00 0.00
227.0 253.0 0.00 0.00
627.0 253.0 0.00 0.00
644.0 253.0 0.00 0.00
665.0 253.0 0.00 0.00
715.0 253.0 0.00 0.00
752.0 253.0 0.00 0.00
819.0 253.0 0.00 0.00
836.0 253.0 0.00 0.00
906.0 253.0 0.00 0.00
952.0 253.0 0.00 0.00
130.0 254.0 0.00 0.00
196.0 254.0 0.00 0.00
218.0 254.0 0.00 0.00
316.0 254.0 0.00 0.00
359.0 254.0 0.00 0.00
685.0 254.0 0.00 0.00
742.0 254.0 0.00 0.00
747.0 254.0 0.00 0.00
831.0 254.0 0.00 0.00
846.0 254.0 0.00 0.00
856.0 254.0 0.00 0.00
145.0 255.0 0.00 0.00
298.0 255.0 0.00 0.00
306.0 255.0 0.00 0.00
311.0 255.0 0.00 0.00
347.0 255.0 0.00 0.00
422.0 255.0 0.00 0.00
488.0 255.0 0.00 0.00
503.0 255.0 0.00 0.00
579.0 255.0 0.00 0.00
603.0 255.0 0.00 0.00
734.0 255.0 0.00 0.00
961.0 255.0 0.00 0.00
86.0 256.0 0.00 0.00
172.0 256.0 0.00 0.00
273.0 256.0 0.00 0.00
279.0 256.0 0.00 0.00
284.0 256.0 0.00 0.00
324.0 256.0 0.00 0.00
329.0 256.0 0.00 0.00
334.0 256.0 0.00 0.00
339.0 256.0 0.00 0.00
352.0 256.0 0.00 0.00
365.0 256.0 0.00 0.00
371.0 256.0 0.00 0.00
523.0 256.0 0.00 0.00
542.0 256.0 0.00 0.00
598.0 256.0 0.00 0.00
636.0 256.0 0.00 0.00
693.0 256.0 0.00 0.00
701.0 256.0 0.00 0.00
721.0 256.0 0.00 0.00
810.0 256.0 0.00 0.00
897.0 256.0 0.00 0.00
972.0 256.0 0.00 0.00
990.0 256.0 0.00 0.00
1003.0 256.0 0.00 0.00
178.0 257.0 0.00 0.00
249.0 257.0 0.00 0.00
254.0 257.0 0.00 0.00
261.0 257.0 0.00 0.00
554.0 257.0 0.00 0.00
119.0 258.0 0.00 0.00
227.0 258.0 0.00 0.00
241.0 258.0 0.00 0.00
377.0 258.0 0.00 0.00
382.0 258.0 0.00 0.00
387.0 258.0 0.00 0.00
394.0 258.0 0.00 0.00
429.0 258.0 0.00 0.00
456.0 258.0 0.00 0.00
511.0 258.0 0.00 0.00
649.0 258.0 0.00 0.00
708.0 258.0 0.00 0.00
880.0 258.0 0.00 0.00
886.0 258.0 0.00 0.00
126.0 259.0 0.00 0.00
195.0 259.0 0.00 0.00
404.0 259.0 0.00 0.00
416.0 259.0 0.00 0.00
447.0 259.0 0.00 0.00
467.0 259.0 0.00 0.00
665.0 259.0 0.00 0.00
915.0 259.0 0.00 0.00
966.0 259.0 0.00 0.00
979.0 259.0 0.00 0.00
139.0 260.0 0.00 0.00
145.0 260.0 0.00 0.00
503.0 260.0 0.00 0.00
589.0 260.0 0.00 0.00
845.0 260.0 0.00 0.00
933.0 260.0 0.00 0.00
53.0 261.0 0.00 0.00
171.0 261.0 0.00 0.00
310.0 261.0 0.00 0.00
352.0 261.0 0.00 0.00
523.0 261.0 0.00 0.00
598.0 261.0 0.00 0.00
603.0 261.0 0.00 0.00
747.0 261.0 0.00 0.00
928.0 261.0 0.00 0.00
956.0 261.0 0.00 0.00
25.0 262.0 0.00 0.00
154.0 262.0 0.00 0.00
160.0 262.0 0.00 0.00
165.0 262.0 0.00 0.00
178.0 262.0 0.00 0.00
185.0 262.0 0.00 0.00
630.0 262.0 0.00 0.00
850.0 262.0 0.00 0.00
950.0 262.0 0.00 0.00
961.0 262.0 0.00 0.00
8.0 263.0 0.00 0.00
79.0 263.0 0.00 0.00
111.0 263.0 0.00 0.00
116.0 263.0 0.00 0.00
227.0 263.0 0.00 0.00
481.0 263.0 0.00 0.00
550.0 263.0 0.00 0.00
676.0 263.0 0.00 0.00
681.0 263.0 0.00 0.00
707.0 263.0 0.00 0.00
1000.0 263.0 0.00 0.00
123.0 264.0 0.00 0.00
192.0 264.0 0.00 0.00
197.0 264.0 0.00 0.00
416.0 264.0 0.00 0.00
426.0 264.0 0.00 0.00
467.0 264.0 0.00 0.00
541.0 264.0 0.00 0.00
574.0 264.0 0.00 0.00
734.0 264.0 0.00 0.00
815.0 264.0 0.00 0.00
821.0 264.0 0.00 0.00
861.0 264.0 0.00 0.00
876.0 264.0 0.00 0.00
881.0 264.0 0.00 0.00
896.0 264.0 0.00 0.00
969.0 264.0 0.00 0.00
974.0 264.0 0.00 0.00
20.0 265.0 0.00 0.00
128.0 265.0 0.00 0.00
136.0 265.0 0.00 0.00
405.0 265.0 0.00 0.00
410.0 265.0 0.00 0.00
504.0 265.0 0.00 0.00
665.0 265.0 0.00 0.00
830.0 265.0 0.00 0.00
843.0 265.0 0.00 0.00
63.0 266.0 0.00 0.00
72.0 266.0 0.00 0.00
203.0 266.0 0.00 0.00
213.0 266.0 0.00 0.00
347.0 266.0 0.00 0.00
523.0 266.0 0.00 0.00
533.0 266.0 0.00 0.00
597.0 266.0 0.00 0.00
625.0 266.0 0.00 0.00
700.0 266.0 0.00 0.00
739.0 266.0 0.00 0.00
154.0 267.0 0.00 0.00
273.0 267.0 0.00 0.00
285.0 267.0 0.00 0.00
340.0 267.0 0.00 0.00
354.0 267.0 0.00 0.00
359.0 267.0 0.00 0.00
589.0 267.0 0.00 0.00
647.0 267.0 0.00 0.00
695.0 267.0 0.00 0.00
850.0 267.0 0.00 0.00
949.0 267.0 0.00 0.00
989.0 267.0 0.00 0.00
115.0 268.0 0.00 0.00
177.0 268.0 0.00 0.00
245.0 268.0 0.00 0.00
250.0 268.0 0.00 0.00
255.0 268.0 0.00 0.00
260.0 268.0 0.00 0.00
311.0 268.0 0.00 0.00
677.0 268.0 0.00 0.00
683.0 268.0 0.00 0.00
926.0 268.0 0.00 0.00
994.0 268.0 0.00 0.00
1001.0 268.0 0.00 0.00
198.0 269.0 0.00 0.00
237.0 269.0 0.00 0.00
300.0 269.0 0.00 0.00
328.0 269.0 0.00 0.00
367.0 269.0 0.00 0.00
545.0 269.0 0.00 0.00
607.0 269.0 0.00 0.00
870.0 269.0 0.00 0.00
885.0 269.0 0.00 0.00
939.0 269.0 0.00 0.00
232.0 270.0 0.00 0.00
373.0 270.0 0.00 0.00
504.0 270.0 0.00 0.00
664.0 270.0 0.00 0.00
746.0 270.0 0.00 0.00
842.0 270.0 0.00 0.00
1013.0 270.0 0.00 0.00
203.0 271.0 0.00 0.00
379.0 271.0 0.00 0.00
441.0 271.0 0.00 0.00
446.0 271.0 0.00 0.00
466.0 271.0 0.00 0.00
475.0 271.0 0.00 0.00
626.0 271.0 0.00 0.00
717.0 271.0 0.00 0.00
752.0 271.0 0.00 0.00
809.0 271.0 0.00 0.00
901.0 271.0 0.00 0.00
906.0 271.0 0.00 0.00
389.0 272.0 0.00 0.00
394.0 272.0 0.00 0.00
399.0 272.0 0.00 0.00
409.0 272.0 0.00 0.00
414.0 272.0 0.00 0.00
423.0 272.0 0.00 0.00
428.0 272.0 0.00 0.00
435.0 272.0 0.00 0.00
454.0 272.0 0.00 0.00
480.0 272.0 0.00 0.00
620.0 272.0 0.00 0.00
854.0 272.0 0.00 0.00
948.0 272.0 0.00 0.00
126.0 273.0 0.00 0.00
133.0 273.0 0.00 0.00
404.0 273.0 0.00 0.00
524.0 273.0 0.00 0.00
690.0 273.0 0.00 0.00
922.0 273.0 0.00 0.00
113.0 274.0 0.00 0.00
139.0 274.0 0.00 0.00
151.0 274.0 0.00 0.00
194.0 274.0 0.00 0.00
516.0 274.0 0.00 0.00
590.0 274.0 0.00 0.00
794.0 274.0 0.00 0.00
183.0 275.0 0.00 0.00
328.0 275.0 0.00 0.00
511.0 275.0 0.00 0.00
543.0 275.0 0.00 0.00
598.0 275.0 0.00 0.00
611.0 275.0 0.00 0.00
647.0 275.0 0.00 0.00
676.0 275.0 0.00 0.00
814.0 275.0 0.00 0.00
819.0 275.0 0.00 0.00
849.0 275.0 0.00 0.00
972.0 275.0 0.00 0.00
204.0 276.0 0.00 0.00
380.0 276.0 0.00 0.00
685.0 276.0 0.00 0.00
704.0 276.0 0.00 0.00
716.0 276.0 0.00 0.00
786.0 276.0 0.00 0.00
898.0 276.0 0.00 0.00
308.0 277.0 0.00 0.00
495.0 277.0 0.00 0.00
699.0 277.0 0.00 0.00
757.0 277.0 0.00 0.00
829.0 277.0 0.00 0.00
371.0 278.0 0.00 0.00
403.0 278.0 0.00 0.00
474.0 278.0 0.00 0.00
694.0 278.0 0.00 0.00
739.0 278.0 0.00 0.00
744.0 278.0 0.00 0.00
780.0 278.0 0.00 0.00
861.0 278.0 0.00 0.00
147.0 279.0 0.00 0.00
168.0 279.0 0.00 0.00
340.0 279.0 0.00 0.00
501.0 279.0 0.00 0.00
636.0 279.0 0.00 0.00
661.0 279.0 0.00 0.00
733.0 279.0 0.00 0.00
838.0 279.0 0.00 0.00
843.0 279.0 0.00 0.00
876.0 279.0 0.00 0.00
893.0 279.0 0.00 0.00
155.0 280.0 0.00 0.00
173.0 280.0 0.00 0.00
178.0 280.0 0.00 0.00
226.0 280.0 0.00 0.00
322.0 280.0 0.00 0.00
345.0 280.0 0.00 0.00
444.0 280.0 0.00 0.00
463.0 280.0 0.00 0.00
506.0 280.0 0.00 0.00
513.0 280.0 0.00 0.00
556.0 280.0 0.00 0.00
575.0 280.0 0.00 0.00
647.0 280.0 0.00 0.00
771.0 280.0 0.00 0.00
813.0 280.0 0.00 0.00
849.0 280.0 0.00 0.00
910.0 280.0 0.00 0.00
48.0 281.0 0.00 0.00
207.0 281.0 0.00 0.00
212.0 281.0 0.00 0.00
269.0 281.0 0.00 0.00
351.0 281.0 0.00 0.00
356.0 281.0 0.00 0.00
420.0 281.0 0.00 0.00
549.0 281.0 0.00 0.00
561.0 281.0 0.00 0.00
915.0 281.0 0.00 0.00
96.0 282.0 0.00 0.00
193.0 282.0 0.00 0.00
246.0 282.0 0.00 0.00
252.0 282.0 0.00 0.00
335.0 282.0 0.00 0.00
614.0 282.0 0.00 0.00
713.0 282.0 0.00 0.00
758.0 282.0 0.00 0.00
763.0 282.0 0.00 0.00
786.0 282.0 0.00 0.00
791.0 282.0 0.00 0.00
830.0 282.0 0.00 0.00
902.0 282.0 0.00 0.00
927.0 282.0 0.00 0.00
959.0 282.0 0.00 0.00
114.0 283.0 0.00 0.00
124.0 283.0 0.00 0.00
188.0 283.0 0.00 0.00
199.0 283.0 0.00 0.00
240.0 283.0 0.00 0.00
328.0 283.0 0.00 0.00
604.0 283.0 0.00 0.00
744.0 283.0 0.00 0.00
779.0 283.0 0.00 0.00
863.0 283.0 0.00 0.00
933.0 283.0 0.00 0.00
945.0 283.0 0.00 0.00
972.0 283.0 0.00 0.00
119.0 284.0 0.00 0.00
137.0 284.0 0.00 0.00
183.0 284.0 0.00 0.00
363.0 284.0 0.00 0.00
473.0 284.0 0.00 0.00
521.0 284.0 0.00 0.00
739.0 284.0 0.00 0.00
879.0 284.0 0.00 0.00
964.0 284.0 0.00 0.00
983.0 284.0 0.00 0.00
78.0 285.0 0.00 0.00
464.0 285.0 0.00 0.00
536.0 285.0 0.00 0.00
853.0 285.0 0.00 0.00
858.0 285.0 0.00 0.00
890.0 285.0 0.00 0.00
895.0 285.0 0.00 0.00
978.0 285.0 0.00 0.00
19.0 286.0 0.00 0.00
40.0 286.0 0.00 0.00
372.0 286.0 0.00 0.00
377.0 286.0 0.00 0.00
662.0 286.0 0.00 0.00
818.0 286.0 0.00 0.00
989.0 286.0 0.00 0.00
8.0 287.0 0.00 0.00
28.0 287.0 0.00 0.00
33.0 287.0 0.00 0.00
204.0 287.0 0.00 0.00
276.0 287.0 0.00 0.00
333.0 287.0 0.00 0.00
447.0 287.0 0.00 0.00
453.0 287.0 0.00 0.00
459.0 287.0 0.00 0.00
599.0 287.0 0.00 0.00
613.0 287.0 0.00 0.00
629.0 287.0 0.00 0.00
669.0 287.0 0.00 0.00
681.0 287.0 0.00 0.00
712.0 287.0 0.00 0.00
729.0 287.0 0.00 0.00
763.0 287.0 0.00 0.00
786.0 287.0 0.00 0.00
812.0 287.0 0.00 0.00
823.0 287.0 0.00 0.00
831.0 287.0 0.00 0.00
868.0 287.0 0.00 0.00
56.0 288.0 0.00 0.00
61.0 288.0 0.00 0.00
293.0 288.0 0.00 0.00
342.0 288.0 0.00 0.00
393.0 288.0 0.00 0.00
411.0 288.0 0.00 0.00
416.0 288.0 0.00 0.00
423.0 288.0 0.00 0.00
428.0 288.0 0.00 0.00
441.0 288.0 0.00 0.00
605.0 288.0 0.00 0.00
618.0 288.0 0.00 0.00
647.0 288.0 0.00 0.00
652.0 288.0 0.00 0.00
657.0 288.0 0.00 0.00
689.0 288.0 0.00 0.00
707.0 288.0 0.00 0.00
836.0 288.0 0.00 0.00
841.0 288.0 0.00 0.00
928.0 288.0 0.00 0.00
1007.0 288.0 0.00 0.00
171.0 289.0 0.00 0.00
216.0 289.0 0.00 0.00
388.0 289.0 0.00 0.00
520.0 289.0 0.00 0.00
594.0 289.0 0.00 0.00
694.0 289.0 0.00 0.00
965.0 289.0 0.00 0.00
112.0 290.0 0.00 0.00
209.0 290.0 0.00 0.00
308.0 290.0 0.00 0.00
313.0 290.0 0.00 0.00
469.0 290.0 0.00 0.00
474.0 290.0 0.00 0.00
745.0 290.0 0.00 0.00
856.0 290.0 0.00 0.00
900.0 290.0 0.00 0.00
979.0 290.0 0.00 0.00
101.0 291.0 0.00 0.00
121.0 291.0 0.00 0.00
263.0 291.0 0.00 0.00
299.0 291.0 0.00 0.00
480.0 291.0 0.00 0.00
954.0 291.0 0.00 0.00
88.0 292.0 0.00 0.00
126.0 292.0 0.00 0.00
132.0 292.0 0.00 0.00
148.0 292.0 0.00 0.00
200.0 292.0 0.00 0.00
511.0 292.0 0.00 0.00
730.0 292.0 0.00 0.00
763.0 292.0 0.00 0.00
811.0 292.0 0.00 0.00
847.0 292.0 0.00 0.00
885.0 292.0 0.00 0.00
907.0 292.0 0.00 0.00
913.0 292.0 0.00 0.00
939.0 292.0 0.00 0.00
949.0 292.0 0.00 0.00
52.0 293.0 0.00 0.00
61.0 293.0 0.00 0.00
137.0 293.0 0.00 0.00
143.0 293.0 0.00 0.00
250.0 293.0 0.00 0.00
292.0 293.0 0.00 0.00
545.0 293.0 0.00 0.00
616.0 293.0 0.00 0.00
621.0 293.0 0.00 0.00
774.0 293.0 0.00 0.00
238.0 294.0 0.00 0.00
460.0 294.0 0.00 0.00
520.0 294.0 0.00 0.00
556.0 294.0 0.00 0.00
675.0 294.0 0.00 0.00
229.0 295.0 0.00 0.00
448.0 295.0 0.00 0.00
453.0 295.0 0.00 0.00
469.0 295.0 0.00 0.00
474.0 295.0 0.00 0.00
779.0 295.0 0.00 0.00
830.0 295.0 0.00 0.00
897.0 295.0 0.00 0.00
978.0 295.0 0.00 0.00
23.0 296.0 0.00 0.00
113.0 296.0 0.00 0.00
118.0 296.0 0.00 0.00
220.0 296.0 0.00 0.00
303.0 296.0 0.00 0.00
335.0 296.0 0.00 0.00
340.0 296.0 0.00 0.00
345.0 296.0 0.00 0.00
352.0 296.0 0.00 0.00
493.0 296.0 0.00 0.00
580.0 296.0 0.00 0.00
611.0 296.0 0.00 0.00
656.0 296.0 0.00 0.00
855.0 296.0 0.00 0.00
963.0 296.0 0.00 0.00
968.0 296.0 0.00 0.00
973.0 296.0 0.00 0.00
1013.0 296.0 0.00 0.00
12.0 297.0 0.00 0.00
158.0 297.0 0.00 0.00
165.0 297.0 0.00 0.00
320.0 297.0 0.00 0.00
362.0 297.0 0.00 0.00
367.0 297.0 0.00 0.00
730.0 297.0 0.00 0.00
751.0 297.0 0.00 0.00
762.0 297.0 0.00 0.00
802.0 297.0 0.00 0.00
946.0 297.0 0.00 0.00
372.0 298.0 0.00 0.00
399.0 298.0 0.00 0.00
743.0 298.0 0.00 0.00
839.0 298.0 0.00 0.00
108.0 299.0 0.00 0.00
378.0 299.0 0.00 0.00
480.0 299.0 0.00 0.00
519.0 299.0 0.00 0.00
568.0 299.0 0.00 0.00
622.0 299.0 0.00 0.00
888.0 299.0 0.00 0.00
383.0 300.0 0.00 0.00
440.0 300.0 0.00 0.00
563.0 300.0 0.00 0.00
893.0 300.0 0.00 0.00
898.0 300.0 0.00 0.00
911.0 300.0 0.00 0.00
929.0 300.0 0.00 0.00
118.0 301.0 0.00 0.00
187.0 301.0 0.00 0.00
192.0 301.0 0.00 0.00
197.0 301.0 0.00 0.00
205.0 301.0 0.00 0.00
217.0 301.0 0.00 0.00
273.0 301.0 0.00 0.00
288.0 301.0 0.00 0.00
409.0 301.0 0.00 0.00
428.0 301.0 0.00 0.00
593.0 301.0 0.00 0.00
610.0 301.0 0.00 0.00
656.0 301.0 0.00 0.00
706.0 301.0 0.00 0.00
851.0 301.0 0.00 0.00
936.0 301.0 0.00 0.00
941.0 301.0 0.00 0.00
51.0 302.0 0.00 0.00
67.0 302.0 0.00 0.00
83.0 302.0 0.00 0.00
173.0 302.0 0.00 0.00
243.0 302.0 0.00 0.00
257.0 302.0 0.00 0.00
418.0 302.0 0.00 0.00
423.0 302.0 0.00 0.00
730.0 302.0 0.00 0.00
752.0 302.0 0.00 0.00
917.0 302.0 0.00 0.00
980.0 302.0 0.00 0.00
988.0 302.0 0.00 0.00
26.0 303.0 0.00 0.00
89.0 303.0 0.00 0.00
471.0 303.0 0.00 0.00
643.0 303.0 0.00 0.00
693.0 303.0 0.00 0.00
743.0 303.0 0.00 0.00
32.0 304.0 0.00 0.00
37.0 304.0 0.00 0.00
109.0 304.0 0.00 0.00
303.0 304.0 0.00 0.00
330.0 304.0 0.00 0.00
335.0 304.0 0.00 0.00
519.0 304.0 0.00 0.00
620.0 304.0 0.00 0.00
715.0 304.0 0.00 0.00
842.0 304.0 0.00 0.00
869.0 304.0 0.00 0.00
951.0 304.0 0.00 0.00
340.0 305.0 0.00 0.00
787.0 305.0 0.00 0.00
807.0 305.0 0.00 0.00
874.0 305.0 0.00 0.00
887.0 305.0 0.00 0.00
960.0 305.0 0.00 0.00
1005.0 305.0 0.00 0.00
98.0 306.0 0.00 0.00
103.0 306.0 0.00 0.00
289.0 306.0 0.00 0.00
452.0 306.0 0.00 0.00
481.0 306.0 0.00 0.00
535.0 306.0 0.00 0.00
610.0 306.0 0.00 0.00
677.0 306.0 0.00 0.00
793.0 306.0 0.00 0.00
802.0 306.0 0.00 0.00
862.0 306.0 0.00 0.00
66.0 307.0 0.00 0.00
75.0 307.0 0.00 0.00
116.0 307.0 0.00 0.00
234.0 307.0 0.00 0.00
487.0 307.0 0.00 0.00
544.0 307.0 0.00 0.00
668.0 307.0 0.00 0.00
892.0 307.0 0.00 0.00
917.0 307.0 0.00 0.00
922.0 307.0 0.00 0.00
927.0 307.0 0.00 0.00
975.0 307.0 0.00 0.00
92.0 308.0 0.00 0.00
124.0 308.0 0.00 0.00
172.0 308.0 0.00 0.00
400.0 308.0 0.00 0.00
437.0 308.0 0.00 0.00
505.0 308.0 0.00 0.00
553.0 308.0 0.00 0.00
592.0 308.0 0.00 0.00
27.0 309.0 0.00 0.00
142.0 309.0 0.00 0.00
330.0 309.0 0.00 0.00
335.0 309.0 0.00 0.00
476.0 309.0 0.00 0.00
520.0 309.0 0.00 0.00
619.0 309.0 0.00 0.00
729.0 309.0 0.00 0.00
754.0 309.0 0.00 0.00
841.0 309.0 0.00 0.00
908.0 309.0 0.00 0.00
934.0 309.0 0.00 0.00
212.0 310.0 0.00 0.00
352.0 310.0 0.00 0.00
466.0 310.0 0.00 0.00
1008.0 310.0 0.00 0.00
319.0 311.0 0.00 0.00
373.0 311.0 0.00 0.00
427.0 311.0 0.00 0.00
432.0 311.0 0.00 0.00
442.0 311.0 0.00 0.00
447.0 311.0 0.00 0.00
525.0 311.0 0.00 0.00
742.0 311.0 0.00 0.00
772.0 311.0 0.00 0.00
777.0 311.0 0.00 0.00
983.0 311.0 0.00 0.00
66.0 312.0 0.00 0.00
285.0 312.0 0.00 0.00
324.0 312.0 0.00 0.00
361.0 312.0 0.00 0.00
366.0 312.0 0.00 0.00
453.0 312.0 0.00 0.00
782.0 312.0 0.00 0.00
22.0 313.0 0.00 0.00
111.0 313.0 0.00 0.00
156.0 313.0 0.00 0.00
310.0 313.0 0.00 0.00
381.0 313.0 0.00 0.00
532.0 313.0 0.00 0.00
540.0 313.0 0.00 0.00
552.0 313.0 0.00 0.00
592.0 313.0 0.00 0.00
642.0 313.0 0.00 0.00
669.0 313.0 0.00 0.00
687.0 313.0 0.00 0.00
749.0 313.0 0.00 0.00
221.0 314.0 0.00 0.00
329.0 314.0 0.00 0.00
334.0 314.0 0.00 0.00
415.0 314.0 0.00 0.00
420.0 314.0 0.00 0.00
608.0 314.0 0.00 0.00
653.0 314.0 0.00 0.00
728.0 314.0 0.00 0.00
75.0 315.0 0.00 0.00
80.0 315.0 0.00 0.00
90.0 315.0 0.00 0.00
193.0 315.0 0.00 0.00
295.0 315.0 0.00 0.00
303.0 315.0 0.00 0.00
489.0 315.0 0.00 0.00
559.0 315.0 0.00 0.00
585.0 315.0 0.00 0.00
677.0 315.0 0.00 0.00
791.0 315.0 0.00 0.00
802.0 315.0 0.00 0.00
839.0 315.0 0.00 0.00
1010.0 315.0 0.00 0.00
483.0 316.0 0.00 0.00
772.0 316.0 0.00 0.00
815.0 316.0 0.00 0.00
866.0 316.0 0.00 0.00
979.0 316.0 0.00 0.00
276.0 317.0 0.00 0.00
407.0 317.0 0.00 0.00
706.0 317.0 0.00 0.00
738.0 317.0 0.00 0.00
820.0 317.0 0.00 0.00
24.0 318.0 0.00 0.00
112.0 318.0 0.00 0.00
153.0 318.0 0.00 0.00
158.0 318.0 0.00 0.00
271.0 318.0 0.00 0.00
402.0 318.0 0.00 0.00
548.0 318.0 0.00 0.00
751.0 318.0 0.00 0.00
756.0 318.0 0.00 0.00
783.0 318.0 0.00 0.00
950.0 318.0 0.00 0.00
63.0 319.0 0.00 0.00
70.0 319.0 0.00 0.00
118.0 319.0 0.00 0.00
261.0 319.0 0.00 0.00
266.0 319.0 0.00 0.00
420.0 319.0 0.00 0.00
452.0 319.0 0.00 0.00
607.0 319.0 0.00 0.00
761.0 319.0 0.00 0.00
766.0 319.0 0.00 0.00
833.0 319.0 0.00 0.00
858.0 319.0 0.00 0.00
997.0 319.0 0.00 0.00
190.0 320.0 0.00 0.00
200.0 320.0 0.00 0.00
561.0 320.0 0.00 0.00
660.0 320.0 0.00 0.00
746.0 320.0 0.00 0.00
838.0 320.0 0.00 0.00
848.0 320.0 0.00 0.00
974.0 320.0 0.00 0.00
1011.0 320.0 0.00 0.00
91.0 321.0 0.00 0.00
131.0 321.0 0.00 0.00
142.0 321.0 0.00 0.00
284.0 321.0 0.00 0.00
340.0 321.0 0.00 0.00
353.0 321.0 0.00 0.00
446.0 321.0 0.00 0.00
479.0 321.0 0.00 0.00
569.0 321.0 0.00 0.00
620.0 321.0 0.00 0.00
712.0 321.0 0.00 0.00
729.0 321.0 0.00 0.00
773.0 321.0 0.00 0.00
802.0 321.0 0.00 0.00
853.0 321.0 0.00 0.00
936.0 321.0 0.00 0.00
38.0 322.0 0.00 0.00
320.0 322.0 0.00 0.00
370.0 322.0 0.00 0.00
375.0 322.0 0.00 0.00
385.0 322.0 0.00 0.00
392.0 322.0 0.00 0.00
466.0 322.0 0.00 0.00
577.0 322.0 0.00 0.00
582.0 322.0 0.00 0.00
652.0 322.0 0.00 0.00
702.0 322.0 0.00 0.00
707.0 322.0 0.00 0.00
717.0 322.0 0.00 0.00
988.0 322.0 0.00 0.00
222.0 323.0 0.00 0.00
380.0 323.0 0.00 0.00
425.0 323.0 0.00 0.00
434.0 323.0 0.00 0.00
590.0 323.0 0.00 0.00
697.0 323.0 0.00 0.00
782.0 323.0 0.00 0.00
787.0 323.0 0.00 0.00
867.0 323.0 0.00 0.00
15.0 324.0 0.00 0.00
24.0 324.0 0.00 0.00
70.0 324.0 0.00 0.00
75.0 324.0 0.00 0.00
80.0 324.0 0.00 0.00
106.0 324.0 0.00 0.00
113.0 324.0 0.00 0.00
118.0 324.0 0.00 0.00
307.0 324.0 0.00 0.00
413.0 324.0 0.00 0.00
676.0 324.0 0.00 0.00
681.0 324.0 0.00 0.00
686.0 324.0 0.00 0.00
691.0 324.0 0.00 0.00
862.0 324.0 0.00 0.00
901.0 324.0 0.00 0.00
944.0 324.0 0.00 0.00
959.0 324.0 0.00 0.00
191.0 325.0 0.00 0.00
210.0 325.0 0.00 0.00
528.0 325.0 0.00 0.00
660.0 325.0 0.00 0.00
665.0 325.0 0.00 0.00
752.0 325.0 0.00 0.00
757.0 325.0 0.00 0.00
881.0 325.0 0.00 0.00
887.0 325.0 0.00 0.00
892.0 325.0 0.00 0.00
924.0 325.0 0.00 0.00
969.0 325.0 0.00 0.00
982.0 325.0 0.00 0.00
1015.0 325.0 0.00 0.00
92.0 326.0 0.00 0.00
331.0 326.0 0.00 0.00
401.0 326.0 0.00 0.00
448.0 326.0 0.00 0.00
488.0 326.0 0.00 0.00
605.0 326.0 0.00 0.00
642.0 326.0 0.00 0.00
647.0 326.0 0.00 0.00
728.0 326.0 0.00 0.00
738.0 326.0 0.00 0.00
763.0 326.0 0.00 0.00
57.0 327.0 0.00 0.00
135.0 327.0 0.00 0.00
370.0 327.0 0.00 0.00
514.0 327.0 0.00 0.00
702.0 327.0 0.00 0.00
717.0 327.0 0.00 0.00
768.0 327.0 0.00 0.00
802.0 327.0 0.00 0.00
149.0 328.0 0.00 0.00
351.0 328.0 0.00 0.00
418.0 328.0 0.00 0.00
611.0 328.0 0.00 0.00
635.0 328.0 0.00 0.00
773.0 328.0 0.00 0.00
173.0 329.0 0.00 0.00
292.0 329.0 0.00 0.00
346.0 329.0 0.00 0.00
500.0 329.0 0.00 0.00
781.0 329.0 0.00 0.00
824.0 329.0 0.00 0.00
853.0 329.0 0.00 0.00
944.0 329.0 0.00 0.00
50.0 330.0 0.00 0.00
201.0 330.0 0.00 0.00
210.0 330.0 0.00 0.00
225.0 330.0 0.00 0.00
281.0 330.0 0.00 0.00
319.0 330.0 0.00 0.00
426.0 330.0 0.00 0.00
433.0 330.0 0.00 0.00
527.0 330.0 0.00 0.00
616.0 330.0 0.00 0.00
710.0 330.0 0.00 0.00
786.0 330.0 0.00 0.00
953.0 330.0 0.00 0.00
977.0 330.0 0.00 0.00
982.0 330.0 0.00 0.00
999.0 330.0 0.00 0.00
121.0 331.0 0.00 0.00
191.0 331.0 0.00 0.00
231.0 331.0 0.00 0.00
365.0 331.0 0.00 0.00
448.0 331.0 0.00 0.00
467.0 331.0 0.00 0.00
476.0 331.0 0.00 0.00
793.0 331.0 0.00 0.00
813.0 331.0 0.00 0.00
818.0 331.0 0.00 0.00
989.0 331.0 0.00 0.00
236.0 332.0 0.00 0.00
544.0 332.0 0.00 0.00
567.0 332.0 0.00 0.00
700.0 332.0 0.00 0.00
720.0 332.0 0.00 0.00
725.0 332.0 0.00 0.00
733.0 332.0 0.00 0.00
746.0 332.0 0.00 0.00
808.0 332.0 0.00 0.00
13.0 333.0 0.00 0.00
245.0 333.0 0.00 0.00
418.0 333.0 0.00 0.00
558.0 333.0 0.00 0.00
584.0 333.0 0.00 0.00
624.0 333.0 0.00 0.00
1006.0 333.0 0.00 0.00
1011.0 333.0 0.00 0.00
89.0 334.0 0.00 0.00
106.0 334.0 0.00 0.00
290.0 334.0 0.00 0.00
346.0 334.0 0.00 0.00
385.0 334.0 0.00 0.00
597.0 334.0 0.00 0.00
686.0 334.0 0.00 0.00
827.0 334.0 0.00 0.00
852.0 334.0 0.00 0.00
922.0 334.0 0.00 0.00
27.0 335.0 0.00 0.00
183.0 335.0 0.00 0.00
207.0 335.0 0.00 0.00
226.0 335.0 0.00 0.00
272.0 335.0 0.00 0.00
280.0 335.0 0.00 0.00
329.0 335.0 0.00 0.00
405.0 335.0 0.00 0.00
432.0 335.0 0.00 0.00
442.0 335.0 0.00 0.00
615.0 335.0 0.00 0.00
681.0 335.0 0.00 0.00
755.0 335.0 0.00 0.00
778.0 335.0 0.00 0.00
838.0 335.0 0.00 0.00
847.0 335.0 0.00 0.00
857.0 335.0 0.00 0.00
888.0 335.0 0.00 0.00
153.0 336.0 0.00 0.00
191.0 336.0 0.00 0.00
250.0 336.0 0.00 0.00
255.0 336.0 0.00 0.00
260.0 336.0 0.00 0.00
285.0 336.0 0.00 0.00
334.0 336.0 0.00 0.00
358.0 336.0 0.00 0.00
437.0 336.0 0.00 0.00
447.0 336.0 0.00 0.00
466.0 336.0 0.00 0.00
472.0 336.0 0.00 0.00
477.0 336.0 0.00 0.00
500.0 336.0 0.00 0.00
647.0 336.0 0.00 0.00
708.0 336.0 0.00 0.00
713.0 336.0 0.00 0.00
773.0 336.0 0.00 0.00
791.0 336.0 0.00 0.00
913.0 336.0 0.00 0.00
143.0 337.0 0.00 0.00
148.0 337.0 0.00 0.00
172.0 337.0 0.00 0.00
312.0 337.0 0.00 0.00
373.0 337.0 0.00 0.00
507.0 337.0 0.00 0.00
862.0 337.0 0.00 0.00
902.0 337.0 0.00 0.00
935.0 337.0 0.00 0.00
948.0 337.0 0.00 0.00
126.0 338.0 0.00 0.00
131.0 338.0 0.00 0.00
178.0 338.0 0.00 0.00
487.0 338.0 0.00 0.00
606.0 338.0 0.00 0.00
672.0 338.0 0.00 0.00
720.0 338.0 0.00 0.00
965.0 338.0 0.00 0.00
975.0 338.0 0.00 0.00
733.0 339.0 0.00 0.00
960.0 339.0 0.00 0.00
988.0 339.0 0.00 0.00
117.0 340.0 0.00 0.00
183.0 340.0 0.00 0.00
350.0 340.0 0.00 0.00
452.0 340.0 0.00 0.00
543.0 340.0 0.00 0.00
739.0 340.0 0.00 0.00
745.0 340.0 0.00 0.00
779.0 340.0 0.00 0.00
993.0 340.0 0.00 0.00
39.0 341.0 0.00 0.00
61.0 341.0 0.00 0.00
85.0 341.0 0.00 0.00
232.0 341.0 0.00 0.00
457.0 341.0 0.00 0.00
466.0 341.0 0.00 0.00
499.0 341.0 0.00 0.00
554.0 341.0 0.00 0.00
564.0 341.0 0.00 0.00
680.0 341.0 0.00 0.00
801.0 341.0 0.00 0.00
874.0 341.0 0.00 0.00
172.0 342.0 0.00 0.00
588.0 342.0 0.00 0.00
701.0 342.0 0.00 0.00
889.0 342.0 0.00 0.00
948.0 342.0 0.00 0.00
16.0 343.0 0.00 0.00
148.0 343.0 0.00 0.00
178.0 343.0 0.00 0.00
225.0 343.0 0.00 0.00
416.0 343.0 0.00 0.00
436.0 343.0 0.00 0.00
575.0 343.0 0.00 0.00
640.0 343.0 0.00 0.00
792.0 343.0 0.00 0.00
11.0 344.0 0.00 0.00
29.0 344.0 0.00 0.00
34.0 344.0 0.00 0.00
162.0 344.0 0.00 0.00
188.0 344.0 0.00 0.00
480.0 344.0 0.00 0.00
610.0 344.0 0.00 0.00
94.0 345.0 0.00 0.00
104.0 345.0 0.00 0.00
248.0 345.0 0.00 0.00
267.0 345.0 0.00 0.00
272.0 345.0 0.00 0.00
277.0 345.0 0.00 0.00
283.0 345.0 0.00 0.00
373.0 345.0 0.00 0.00
378.0 345.0 0.00 0.00
383.0 345.0 0.00 0.00
543.0 345.0 0.00 0.00
745.0 345.0 0.00 0.00
821.0 345.0 0.00 0.00
828.0 345.0 0.00 0.00
905.0 345.0 0.00 0.00
76.0 346.0 0.00 0.00
489.0 346.0 0.00 0.00
667.0 346.0 0.00 0.00
807.0 346.0 0.00 0.00
848.0 346.0 0.00 0.00
897.0 346.0 0.00 0.00
929.0 346.0 0.00 0.00
86.0 347.0 0.00 0.00
212.0 347.0 0.00 0.00
338.0 347.0 0.00 0.00
521.0 347.0 0.00 0.00
646.0 347.0 0.00 0.00
680.0 347.0 0.00 0.00
692.0 347.0 0.00 0.00
700.0 347.0 0.00 0.00
733.0 347.0 0.00 0.00
754.0 347.0 0.00 0.00
759.0 347.0 0.00 0.00
768.0 347.0 0.00 0.00
834.0 347.0 0.00 0.00
840.0 347.0 0.00 0.00
860.0 347.0 0.00 0.00
949.0 347.0 0.00 0.00
1010.0 347.0 0.00 0.00
436.0 348.0 0.00 0.00
497.0 348.0 0.00 0.00
551.0 348.0 0.00 0.00
603.0 348.0 0.00 0.00
919.0 348.0 0.00 0.00
27.0 349.0 0.00 0.00
38.0 349.0 0.00 0.00
180.0 349.0 0.00 0.00
403.0 349.0 0.00 0.00
443.0 349.0 0.00 0.00
775.0 349.0 0.00 0.00
782.0 349.0 0.00 0.00
791.0 349.0 0.00 0.00
990.0 349.0 0.00 0.00
69.0 350.0 0.00 0.00
235.0 350.0 0.00 0.00
509.0 350.0 0.00 0.00
628.0 350.0 0.00 0.00
707.0 350.0 0.00 0.00
745.0 350.0 0.00 0.00
563.0 351.0 0.00 0.00
575.0 351.0 0.00 0.00
623.0 351.0 0.00 0.00
712.0 351.0 0.00 0.00
727.0 351.0 0.00 0.00
802.0 351.0 0.00 0.00
998.0 351.0 0.00 0.00
62.0 352.0 0.00 0.00
87.0 352.0 0.00 0.00
323.0 352.0 0.00 0.00
328.0 352.0 0.00 0.00
339.0 352.0 0.00 0.00
521.0 352.0 0.00 0.00
635.0 352.0 0.00 0.00
688.0 352.0 0.00 0.00
722.0 352.0 0.00 0.00
797.0 352.0 0.00 0.00
845.0 352.0 0.00 0.00
1004.0 352.0 0.00 0.00
1010.0 352.0 0.00 0.00
258.0 353.0 0.00 0.00
334.0 353.0 0.00 0.00
613.0 353.0 0.00 0.00
693.0 353.0 0.00 0.00
930.0 353.0 0.00 0.00
935.0 353.0 0.00 0.00
1015.0 353.0 0.00 0.00
105.0 354.0 0.00 0.00
436.0 354.0 0.00 0.00
486.0 354.0 0.00 0.00
532.0 354.0 0.00 0.00
733.0 354.0 0.00 0.00
971.0 354.0 0.00 0.00
985.0 354.0 0.00 0.00
238.0 355.0 0.00 0.00
268.0 355.0 0.00 0.00
302.0 355.0 0.00 0.00
391.0 355.0 0.00 0.00
754.0 355.0 0.00 0.00
782.0 355.0 0.00 0.00
811.0 355.0 0.00 0.00
888.0 355.0 0.00 0.00
53.0 356.0 0.00 0.00
477.0 356.0 0.00 0.00
542.0 356.0 0.00 0.00
744.0 356.0 0.00 0.00
816.0 356.0 0.00 0.00
946.0 356.0 0.00 0.00
86.0 357.0 0.00 0.00
343.0 357.0 0.00 0.00
469.0 357.0 0.00 0.00
674.0 357.0 0.00 0.00
688.0 357.0 0.00 0.00
828.0 357.0 0.00 0.00
842.0 357.0 0.00 0.00
908.0 357.0 0.00 0.00
951.0 357.0 0.00 0.00
1005.0 357.0 0.00 0.00
40.0 358.0 0.00 0.00
382.0 358.0 0.00 0.00
646.0 358.0 0.00 0.00
929.0 358.0 0.00 0.00
936.0 358.0 0.00 0.00
956.0 358.0 0.00 0.00
961.0 358.0 0.00 0.00
72.0 359.0 0.00 0.00
77.0 359.0 0.00 0.00
109.0 359.0 0.00 0.00
436.0 359.0 0.00 0.00
488.0 359.0 0.00 0.00
549.0 359.0 0.00 0.00
585.0 359.0 0.00 0.00
730.0 359.0 0.00 0.00
10.0 360.0 0.00 0.00
104.0 360.0 0.00 0.00
357.0 360.0 0.00 0.00
371.0 360.0 0.00 0.00
494.0 360.0 0.00 0.00
598.0 360.0 0.00 0.00
619.0 360.0 0.00 0.00
725.0 360.0 0.00 0.00
783.0 360.0 0.00 0.00
797.0 360.0 0.00 0.00
851.0 360.0 0.00 0.00
865.0 360.0 0.00 0.00
62.0 361.0 0.00 0.00
391.0 361.0 0.00 0.00
967.0 361.0 0.00 0.00
990.0 361.0 0.00 0.00
362.0 362.0 0.00 0.00
473.0 362.0 0.00 0.00
684.0 362.0 0.00 0.00
695.0 362.0 0.00 0.00
711.0 362.0 0.00 0.00
716.0 362.0 0.00 0.00
917.0 362.0 0.00 0.00
1001.0 362.0 0.00 0.00
67.0 363.0 0.00 0.00
154.0 363.0 0.00 0.00
400.0 363.0 0.00 0.00
561.0 363.0 0.00 0.00
610.0 363.0 0.00 0.00
701.0 363.0 0.00 0.00
706.0 363.0 0.00 0.00
744.0 363.0 0.00 0.00
805.0 363.0 0.00 0.00
875.0 363.0 0.00 0.00
26.0 364.0 0.00 0.00
31.0 364.0 0.00 0.00
72.0 364.0 0.00 0.00
77.0 364.0 0.00 0.00
87.0 364.0 0.00 0.00
265.0 364.0 0.00 0.00
275.0 364.0 0.00 0.00
280.0 364.0 0.00 0.00
285.0 364.0 0.00 0.00
424.0 364.0 0.00 0.00
436.0 364.0 0.00 0.00
756.0 364.0 0.00 0.00
880.0 364.0 0.00 0.00
948.0 364.0 0.00 0.00
253.0 365.0 0.00 0.00
258.0 365.0 0.00 0.00
290.0 365.0 0.00 0.00
574.0 365.0 0.00 0.00
601.0 365.0 0.00 0.00
627.0 365.0 0.00 0.00
645.0 365.0 0.00 0.00
725.0 365.0 0.00 0.00
886.0 365.0 0.00 0.00
893.0 365.0 0.00 0.00
928.0 365.0 0.00 0.00
295.0 366.0 0.00 0.00
315.0 366.0 0.00 0.00
324.0 366.0 0.00 0.00
392.0 366.0 0.00 0.00
429.0 366.0 0.00 0.00
733.0 366.0 0.00 0.00
898.0 366.0 0.00 0.00
210.0 367.0 0.00 0.00
546.0 367.0 0.00 0.00
674.0 367.0 0.00 0.00
716.0 367.0 0.00 0.00
778.0 367.0 0.00 0.00
905.0 367.0 0.00 0.00
920.0 367.0 0.00 0.00
119.0 368.0 0.00 0.00
235.0 368.0 0.00 0.00
301.0 368.0 0.00 0.00
443.0 368.0 0.00 0.00
493.0 368.0 0.00 0.00
664.0 368.0 0.00 0.00
669.0 368.0 0.00 0.00
772.0 368.0 0.00 0.00
875.0 368.0 0.00 0.00
910.0 368.0 0.00 0.00
915.0 368.0 0.00 0.00
936.0 368.0 0.00 0.00
8.0 369.0 0.00 0.00
87.0 369.0 0.00 0.00
100.0 369.0 0.00 0.00
106.0 369.0 0.00 0.00
176.0 369.0 0.00 0.00
584.0 369.0 0.00 0.00
611.0 369.0 0.00 0.00
783.0 369.0 0.00 0.00
812.0 369.0 0.00 0.00
847.0 369.0 0.00 0.00
948.0 369.0 0.00 0.00
953.0 369.0 0.00 0.00
958.0 369.0 0.00 0.00
979.0 369.0 0.00 0.00
52.0 370.0 0.00 0.00
78.0 370.0 0.00 0.00
198.0 370.0 0.00 0.00
365.0 370.0 0.00 0.00
377.0 370.0 0.00 0.00
593.0 370.0 0.00 0.00
601.0 370.0 0.00 0.00
641.0 370.0 0.00 0.00
646.0 370.0 0.00 0.00
724.0 370.0 0.00 0.00
800.0 370.0 0.00 0.00
20.0 371.0 0.00 0.00
63.0 371.0 0.00 0.00
340.0 371.0 0.00 0.00
436.0 371.0 0.00 0.00
452.0 371.0 0.00 0.00
557.0 371.0 0.00 0.00
792.0 371.0 0.00 0.00
276.0 372.0 0.00 0.00
345.0 372.0 0.00 0.00
530.0 372.0 0.00 0.00
606.0 372.0 0.00 0.00
688.0 372.0 0.00 0.00
943.0 372.0 0.00 0.00
41.0 373.0 0.00 0.00
302.0 373.0 0.00 0.00
389.0 373.0 0.00 0.00
459.0 373.0 0.00 0.00
479.0 373.0 0.00 0.00
569.0 373.0 0.00 0.00
683.0 373.0 0.00 0.00
714.0 373.0 0.00 0.00
875.0 373.0 0.00 0.00
234.0 374.0 0.00 0.00
254.0 374.0 0.00 0.00
315.0 374.0 0.00 0.00
417.0 374.0 0.00 0.00
465.0 374.0 0.00 0.00
583.0 374.0 0.00 0.00
813.0 374.0 0.00 0.00
846.0 374.0 0.00 0.00
960.0 374.0 0.00 0.00
68.0 375.0 0.00 0.00
79.0 375.0 0.00 0.00
88.0 375.0 0.00 0.00
292.0 375.0 0.00 0.00
470.0 375.0 0.00 0.00
601.0 375.0 0.00 0.00
615.0 375.0 0.00 0.00
621.0 375.0 0.00 0.00
627.0 375.0 0.00 0.00
632.0 375.0 0.00 0.00
723.0 375.0 0.00 0.00
930.0 375.0 0.00 0.00
21.0 376.0 0.00 0.00
402.0 376.0 0.00 0.00
436.0 376.0 0.00 0.00
557.0 376.0 0.00 0.00
637.0 376.0 0.00 0.00
818.0 376.0 0.00 0.00
886.0 376.0 0.00 0.00
955.0 376.0 0.00 0.00
645.0 377.0 0.00 0.00
673.0 377.0 0.00 0.00
989.0 377.0 0.00 0.00
16.0 378.0 0.00 0.00
301.0 378.0 0.00 0.00
481.0 378.0 0.00 0.00
589.0 378.0 0.00 0.00
829.0 378.0 0.00 0.00
39.0 379.0 0.00 0.00
196.0 379.0 0.00 0.00
204.0 379.0 0.00 0.00
250.0 379.0 0.00 0.00
331.0 379.0 0.00 0.00
362.0 379.0 0.00 0.00
523.0 379.0 0.00 0.00
732.0 379.0 0.00 0.00
772.0 379.0 0.00 0.00
837.0 379.0 0.00 0.00
842.0 379.0 0.00 0.00
916.0 379.0 0.00 0.00
1007.0 379.0 0.00 0.00
79.0 380.0 0.00 0.00
210.0 380.0 0.00 0.00
336.0 380.0 0.00 0.00
491.0 380.0 0.00 0.00
601.0 380.0 0.00 0.00
625.0 380.0 0.00 0.00
723.0 380.0 0.00 0.00
744.0 380.0 0.00 0.00
751.0 380.0 0.00 0.00
756.0 380.0 0.00 0.00
762.0 380.0 0.00 0.00
767.0 380.0 0.00 0.00
240.0 381.0 0.00 0.00
373.0 381.0 0.00 0.00
557.0 381.0 0.00 0.00
620.0 381.0 0.00 0.00
663.0 381.0 0.00 0.00
932.0 381.0 0.00 0.00
345.0 382.0 0.00 0.00
350.0 382.0 0.00 0.00
436.0 382.0 0.00 0.00
460.0 382.0 0.00 0.00
647.0 382.0 0.00 0.00
673.0 382.0 0.00 0.00
702.0 382.0 0.00 0.00
50.0 383.0 0.00 0.00
444.0 383.0 0.00 0.00
472.0 383.0 0.00 0.00
478.0 383.0 0.00 0.00
503.0 383.0 0.00 0.00
636.0 383.0 0.00 0.00
680.0 383.0 0.00 0.00
945.0 383.0 0.00 0.00
523.0 384.0 0.00 0.00
653.0 384.0 0.00 0.00
977.0 384.0 0.00 0.00
31.0 385.0 0.00 0.00
40.0 385.0 0.00 0.00
301.0 385.0 0.00 0.00
340.0 385.0 0.00 0.00
450.0 385.0 0.00 0.00
625.0 385.0 0.00 0.00
789.0 385.0 0.00 0.00
810.0 385.0 0.00 0.00
837.0 385.0 0.00 0.00
879.0 385.0 0.00 0.00
954.0 385.0 0.00 0.00
14.0 386.0 0.00 0.00
75.0 386.0 0.00 0.00
167.0 386.0 0.00 0.00
258.0 386.0 0.00 0.00
315.0 386.0 0.00 0.00
557.0 386.0 0.00 0.00
601.0 386.0 0.00 0.00
823.0 386.0 0.00 0.00
889.0 386.0 0.00 0.00
1014.0 386.0 0.00 0.00
64.0 387.0 0.00 0.00
84.0 387.0 0.00 0.00
270.0 387.0 0.00 0.00
376.0 387.0 0.00 0.00
407.0 387.0 0.00 0.00
513.0 387.0 0.00 0.00
618.0 387.0 0.00 0.00
671.0 387.0 0.00 0.00
703.0 387.0 0.00 0.00
714.0 387.0 0.00 0.00
722.0 387.0 0.00 0.00
828.0 387.0 0.00 0.00
962.0 387.0 0.00 0.00
279.0 388.0 0.00 0.00
471.0 388.0 0.00 0.00
592.0 388.0 0.00 0.00
613.0 388.0 0.00 0.00
680.0 388.0 0.00 0.00
899.0 388.0 0.00 0.00
923.0 388.0 0.00 0.00
967.0 388.0 0.00 0.00
48.0 389.0 0.00 0.00
388.0 389.0 0.00 0.00
426.0 389.0 0.00 0.00
654.0 389.0 0.00 0.00
659.0 389.0 0.00 0.00
763.0 389.0 0.00 0.00
904.0 389.0 0.00 0.00
39.0 390.0 0.00 0.00
524.0 390.0 0.00 0.00
627.0 390.0 0.00 0.00
776.0 390.0 0.00 0.00
790.0 390.0 0.00 0.00
801.0 390.0 0.00 0.00
810.0 390.0 0.00 0.00
972.0 390.0 0.00 0.00
992.0 390.0 0.00 0.00
325.0 391.0 0.00 0.00
451.0 391.0 0.00 0.00
727.0 391.0 0.00 0.00
818.0 391.0 0.00 0.00
913.0 391.0 0.00 0.00
373.0 392.0 0.00 0.00
481.0 392.0 0.00 0.00
487.0 392.0 0.00 0.00
535.0 392.0 0.00 0.00
692.0 392.0 0.00 0.00
733.0 392.0 0.00 0.00
950.0 392.0 0.00 0.00
998.0 392.0 0.00 0.00
541.0 393.0 0.00 0.00
569.0 393.0 0.00 0.00
671.0 393.0 0.00 0.00
681.0 393.0 0.00 0.00
686.0 393.0 0.00 0.00
750.0 393.0 0.00 0.00
960.0 393.0 0.00 0.00
983.0 393.0 0.00 0.00
77.0 394.0 0.00 0.00
232.0 394.0 0.00 0.00
291.0 394.0 0.00 0.00
446.0 394.0 0.00 0.00
606.0 394.0 0.00 0.00
701.0 394.0 0.00 0.00
742.0 394.0 0.00 0.00
875.0 394.0 0.00 0.00
930.0 394.0 0.00 0.00
1013.0 394.0 0.00 0.00
18.0 395.0 0.00 0.00
23.0 395.0 0.00 0.00
69.0 395.0 0.00 0.00
406.0 395.0 0.00 0.00
438.0 395.0 0.00 0.00
582.0 395.0 0.00 0.00
654.0 395.0 0.00 0.00
830.0 395.0 0.00 0.00
842.0 395.0 0.00 0.00
847.0 395.0 0.00 0.00
891.0 395.0 0.00 0.00
896.0 395.0 0.00 0.00
504.0 396.0 0.00 0.00
645.0 396.0 0.00 0.00
721.0 396.0 0.00 0.00
793.0 396.0 0.00 0.00
938.0 396.0 0.00 0.00
991.0 396.0 0.00 0.00
488.0 397.0 0.00 0.00
691.0 397.0 0.00 0.00
716.0 397.0 0.00 0.00
807.0 397.0 0.00 0.00
950.0 397.0 0.00 0.00
997.0 397.0 0.00 0.00
10.0 398.0 0.00 0.00
84.0 398.0 0.00 0.00
479.0 398.0 0.00 0.00
595.0 398.0 0.00 0.00
670.0 398.0 0.00 0.00
711.0 398.0 0.00 0.00
825.0 398.0 0.00 0.00
945.0 398.0 0.00 0.00
955.0 398.0 0.00 0.00
960.0 398.0 0.00 0.00
56.0 399.0 0.00 0.00
79.0 399.0 0.00 0.00
160.0 399.0 0.00 0.00
291.0 399.0 0.00 0.00
304.0 399.0 0.00 0.00
348.0 399.0 0.00 0.00
392.0 399.0 0.00 0.00
555.0 399.0 0.00 0.00
560.0 399.0 0.00 0.00
700.0 399.0 0.00 0.00
706.0 399.0 0.00 0.00
737.0 399.0 0.00 0.00
742.0 399.0 0.00 0.00
819.0 399.0 0.00 0.00
908.0 399.0 0.00 0.00
25.0 400.0 0.00 0.00
70.0 400.0 0.00 0.00
92.0 400.0 0.00 0.00
97.0 400.0 0.00 0.00
134.0 400.0 0.00 0.00
209.0 400.0 0.00 0.00
342.0 400.0 0.00 0.00
370.0 400.0 0.00 0.00
379.0 400.0 0.00 0.00
565.0 400.0 0.00 0.00
614.0 400.0 0.00 0.00
628.0 400.0 0.00 0.00
981.0 400.0 0.00 0.00
1008.0 400.0 0.00 0.00
104.0 401.0 0.00 0.00
109.0 401.0 0.00 0.00
125.0 401.0 0.00 0.00
140.0 401.0 0.00 0.00
424.0 401.0 0.00 0.00
779.0 401.0 0.00 0.00
917.0 401.0 0.00 0.00
976.0 401.0 0.00 0.00
329.0 402.0 0.00 0.00
654.0 402.0 0.00 0.00
679.0 402.0 0.00 0.00
690.0 402.0 0.00 0.00
695.0 402.0 0.00 0.00
753.0 402.0 0.00 0.00
758.0 402.0 0.00 0.00
807.0 402.0 0.00 0.00
992.0 402.0 0.00 0.00
997.0 402.0 0.00 0.00
47.0 403.0 0.00 0.00
188.0 403.0 0.00 0.00
572.0 403.0 0.00 0.00
577.0 403.0 0.00 0.00
674.0 403.0 0.00 0.00
872.0 403.0 0.00 0.00
877.0 403.0 0.00 0.00
922.0 403.0 0.00 0.00
927.0 403.0 0.00 0.00
970.0 403.0 0.00 0.00
1003.0 403.0 0.00 0.00
291.0 404.0 0.00 0.00
311.0 404.0 0.00 0.00
317.0 404.0 0.00 0.00
389.0 404.0 0.00 0.00
883.0 404.0 0.00 0.00
936.0 404.0 0.00 0.00
25.0 405.0 0.00 0.00
278.0 405.0 0.00 0.00
414.0 405.0 0.00 0.00
541.0 405.0 0.00 0.00
894.0 405.0 0.00 0.00
981.0 405.0 0.00 0.00
447.0 406.0 0.00 0.00
459.0 406.0 0.00 0.00
662.0 406.0 0.00 0.00
741.0 406.0 0.00 0.00
836.0 406.0 0.00 0.00
947.0 406.0 0.00 0.00
986.0 406.0 0.00 0.00
91.0 407.0 0.00 0.00
442.0 407.0 0.00 0.00
555.0 407.0 0.00 0.00
586.0 407.0 0.00 0.00
591.0 407.0 0.00 0.00
650.0 407.0 0.00 0.00
657.0 407.0 0.00 0.00
697.0 407.0 0.00 0.00
831.0 407.0 0.00 0.00
952.0 407.0 0.00 0.00
96.0 408.0 0.00 0.00
436.0 408.0 0.00 0.00
452.0 408.0 0.00 0.00
467.0 408.0 0.00 0.00
524.0 408.0 0.00 0.00
645.0 408.0 0.00 0.00
716.0 408.0 0.00 0.00
751.0 408.0 0.00 0.00
785.0 408.0 0.00 0.00
845.0 408.0 0.00 0.00
871.0 408.0 0.00 0.00
903.0 408.0 0.00 0.00
999.0 408.0 0.00 0.00
74.0 409.0 0.00 0.00
612.0 409.0 0.00 0.00
884.0 409.0 0.00 0.00
912.0 409.0 0.00 0.00
1008.0 409.0 0.00 0.00
1013.0 409.0 0.00 0.00
291.0 410.0 0.00 0.00
629.0 410.0 0.00 0.00
635.0 410.0 0.00 0.00
640.0 410.0 0.00 0.00
683.0 410.0 0.00 0.00
780.0 410.0 0.00 0.00
940.0 410.0 0.00 0.00
45.0 411.0 0.00 0.00
82.0 411.0 0.00 0.00
130.0 411.0 0.00 0.00
308.0 411.0 0.00 0.00
313.0 411.0 0.00 0.00
477.0 411.0 0.00 0.00
599.0 411.0 0.00 0.00
624.0 411.0 0.00 0.00
665.0 411.0 0.00 0.00
671.0 411.0 0.00 0.00
676.0 411.0 0.00 0.00
774.0 411.0 0.00 0.00
819.0 411.0 0.00 0.00
964.0 411.0 0.00 0.00
969.0 411.0 0.00 0.00
245.0 412.0 0.00 0.00
254.0 412.0 0.00 0.00
570.0 412.0 0.00 0.00
606.0 412.0 0.00 0.00
769.0 412.0 0.00 0.00
863.0 412.0 0.00 0.00
927.0 412.0 0.00 0.00
97.0 413.0 0.00 0.00
102.0 413.0 0.00 0.00
144.0 413.0 0.00 0.00
336.0 413.0 0.00 0.00
371.0 413.0 0.00 0.00
376.0 413.0 0.00 0.00
431.0 413.0 0.00 0.00
702.0 413.0 0.00 0.00
750.0 413.0 0.00 0.00
845.0 413.0 0.00 0.00
854.0 413.0 0.00 0.00
868.0 413.0 0.00 0.00
955.0 413.0 0.00 0.00
389.0 414.0 0.00 0.00
459.0 414.0 0.00 0.00
614.0 414.0 0.00 0.00
837.0 414.0 0.00 0.00
873.0 414.0 0.00 0.00
286.0 415.0 0.00 0.00
302.0 415.0 0.00 0.00
361.0 415.0 0.00 0.00
426.0 415.0 0.00 0.00
485.0 415.0 0.00 0.00
579.0 415.0 0.00 0.00
940.0 415.0 0.00 0.00
974.0 415.0 0.00 0.00
1004.0 415.0 0.00 0.00
75.0 416.0 0.00 0.00
80.0 416.0 0.00 0.00
525.0 416.0 0.00 0.00
541.0 416.0 0.00 0.00
565.0 416.0 0.00 0.00
803.0 416.0 0.00 0.00
894.0 416.0 0.00 0.00
983.0 416.0 0.00 0.00
999.0 416.0 0.00 0.00
316.0 417.0 0.00 0.00
472.0 417.0 0.00 0.00
659.0 417.0 0.00 0.00
932.0 417.0 0.00 0.00
23.0 418.0 0.00 0.00
48.0 418.0 0.00 0.00
101.0 418.0 0.00 0.00
69.0 419.0 0.00 0.00
106.0 419.0 0.00 0.00
124.0 419.0 0.00 0.00
60.0 420.0 0.00 0.00
146.0 420.0 0.00 0.00
352.0 420.0 0.00 0.00
425.0 420.0 0.00 0.00
548.0 420.0 0.00 0.00
676.0 420.0 0.00 0.00
699.0 420.0 0.00 0.00
823.0 420.0 0.00 0.00
945.0 420.0 0.00 0.00
950.0 420.0 0.00 0.00
1007.0 420.0 0.00 0.00
1012.0 420.0 0.00 0.00
770.0 421.0 0.00 0.00
777.0 421.0 0.00 0.00
881.0 421.0 0.00 0.00
991.0 421.0 0.00 0.00
36.0 422.0 0.00 0.00
89.0 422.0 0.00 0.00
852.0 422.0 0.00 0.00
871.0 422.0 0.00 0.00
886.0 422.0 0.00 0.00
41.0 423.0 0.00 0.00
46.0 423.0 0.00 0.00
132.0 423.0 0.00 0.00
319.0 423.0 0.00 0.00
415.0 423.0 0.00 0.00
506.0 423.0 0.00 0.00
637.0 423.0 0.00 0.00
642.0 423.0 0.00 0.00
746.0 423.0 0.00 0.00
792.0 423.0 0.00 0.00
893.0 423.0 0.00 0.00
969.0 423.0 0.00 0.00
79.0 424.0 0.00 0.00
84.0 424.0 0.00 0.00
215.0 424.0 0.00 0.00
248.0 424.0 0.00 0.00
378.0 424.0 0.00 0.00
463.0 424.0 0.00 0.00
471.0 424.0 0.00 0.00
572.0 424.0 0.00 0.00
910.0 424.0 0.00 0.00
923.0 424.0 0.00 0.00
16.0 425.0 0.00 0.00
338.0 425.0 0.00 0.00
400.0 425.0 0.00 0.00
521.0 425.0 0.00 0.00
721.0 425.0 0.00 0.00
802.0 425.0 0.00 0.00
947.0 425.0 0.00 0.00
952.0 425.0 0.00 0.00
1003.0 425.0 0.00 0.00
1015.0 425.0 0.00 0.00
112.0 426.0 0.00 0.00
117.0 426.0 0.00 0.00
150.0 426.0 0.00 0.00
355.0 426.0 0.00 0.00
395.0 426.0 0.00 0.00
515.0 426.0 0.00 0.00
36.0 427.0 0.00 0.00
171.0 427.0 0.00 0.00
190.0 427.0 0.00 0.00
384.0 427.0 0.00 0.00
686.0 427.0 0.00 0.00
691.0 427.0 0.00 0.00
31.0 428.0 0.00 0.00
96.0 428.0 0.00 0.00
123.0 428.0 0.00 0.00
295.0 428.0 0.00 0.00
660.0 428.0 0.00 0.00
713.0 428.0 0.00 0.00
784.0 428.0 0.00 0.00
793.0 428.0 0.00 0.00
975.0 428.0 0.00 0.00
242.0 429.0 0.00 0.00
247.0 429.0 0.00 0.00
430.0 429.0 0.00 0.00
463.0 429.0 0.00 0.00
471.0 429.0 0.00 0.00
572.0 429.0 0.00 0.00
665.0 429.0 0.00 0.00
821.0 429.0 0.00 0.00
908.0 429.0 0.00 0.00
990.0 429.0 0.00 0.00
49.0 430.0 0.00 0.00
285.0 430.0 0.00 0.00
300.0 430.0 0.00 0.00
563.0 430.0 0.00 0.00
670.0 430.0 0.00 0.00
740.0 430.0 0.00 0.00
880.0 430.0 0.00 0.00
948.0 430.0 0.00 0.00
8.0 431.0 0.00 0.00
180.0 431.0 0.00 0.00
356.0 431.0 0.00 0.00
363.0 431.0 0.00 0.00
368.0 431.0 0.00 0.00
532.0 431.0 0.00 0.00
598.0 431.0 0.00 0.00
735.0 431.0 0.00 0.00
943.0 431.0 0.00 0.00
962.0 431.0 0.00 0.00
68.0 432.0 0.00 0.00
204.0 432.0 0.00 0.00
351.0 432.0 0.00 0.00
392.0 432.0 0.00 0.00
550.0 432.0 0.00 0.00
676.0 432.0 0.00 0.00
692.0 432.0 0.00 0.00
730.0 432.0 0.00 0.00
759.0 432.0 0.00 0.00
764.0 432.0 0.00 0.00
995.0 432.0 0.00 0.00
1009.0 432.0 0.00 0.00
62.0 433.0 0.00 0.00
106.0 433.0 0.00 0.00
136.0 433.0 0.00 0.00
154.0 433.0 0.00 0.00
336.0 433.0 0.00 0.00
341.0 433.0 0.00 0.00
442.0 433.0 0.00 0.00
625.0 433.0 0.00 0.00
686.0 433.0 0.00 0.00
748.0 433.0 0.00 0.00
753.0 433.0 0.00 0.00
792.0 433.0 0.00 0.00
799.0 433.0 0.00 0.00
839.0 433.0 0.00 0.00
850.0 433.0 0.00 0.00
117.0 434.0 0.00 0.00
159.0 434.0 0.00 0.00
249.0 434.0 0.00 0.00
331.0 434.0 0.00 0.00
855.0 434.0 0.00 0.00
291.0 435.0 0.00 0.00
323.0 435.0 0.00 0.00
404.0 435.0 0.00 0.00
432.0 435.0 0.00 0.00
519.0 435.0 0.00 0.00
681.0 435.0 0.00 0.00
697.0 435.0 0.00 0.00
720.0 435.0 0.00 0.00
743.0 435.0 0.00 0.00
896.0 435.0 0.00 0.00
39.0 436.0 0.00 0.00
866.0 436.0 0.00 0.00
871.0 436.0 0.00 0.00
44.0 437.0 0.00 0.00
56.0 437.0 0.00 0.00
87.0 437.0 0.00 0.00
285.0 437.0 0.00 0.00
374.0 437.0 0.00 0.00
503.0 437.0 0.00 0.00
546.0 437.0 0.00 0.00
612.0 437.0 0.00 0.00
708.0 437.0 0.00 0.00
136.0 438.0 0.00 0.00
141.0 438.0 0.00 0.00
296.0 438.0 0.00 0.00
301.0 438.0 0.00 0.00
686.0 438.0 0.00 0.00
748.0 438.0 0.00 0.00
783.0 438.0 0.00 0.00
882.0 438.0 0.00 0.00
888.0 438.0 0.00 0.00
31.0 439.0 0.00 0.00
51.0 439.0 0.00 0.00
791.0 439.0 0.00 0.00
938.0 439.0 0.00 0.00
968.0 439.0 0.00 0.00
99.0 440.0 0.00 0.00
117.0 440.0 0.00 0.00
189.0 440.0 0.00 0.00
272.0 440.0 0.00 0.00
387.0 440.0 0.00 0.00
525.0 440.0 0.00 0.00
658.0 440.0 0.00 0.00
697.0 440.0 0.00 0.00
743.0 440.0 0.00 0.00
801.0 440.0 0.00 0.00
8.0 441.0 0.00 0.00
104.0 441.0 0.00 0.00
260.0 441.0 0.00 0.00
468.0 441.0 0.00 0.00
559.0 441.0 0.00 0.00
796.0 441.0 0.00 0.00
873.0 441.0 0.00 0.00
46.0 442.0 0.00 0.00
93.0 442.0 0.00 0.00
172.0 442.0 0.00 0.00
284.0 442.0 0.00 0.00
400.0 442.0 0.00 0.00
545.0 442.0 0.00 0.00
959.0 442.0 0.00 0.00
981.0 442.0 0.00 0.00
154.0 443.0 0.00 0.00
184.0 443.0 0.00 0.00
304.0 443.0 0.00 0.00
366.0 443.0 0.00 0.00
377.0 443.0 0.00 0.00
441.0 443.0 0.00 0.00
664.0 443.0 0.00 0.00
686.0 443.0 0.00 0.00
882.0 443.0 0.00 0.00
911.0 443.0 0.00 0.00
946.0 443.0 0.00 0.00
951.0 443.0 0.00 0.00
572.0 444.0 0.00 0.00
636.0 444.0 0.00 0.00
641.0 444.0 0.00 0.00
730.0 444.0 0.00 0.00
755.0 444.0 0.00 0.00
835.0 444.0 0.00 0.00
996.0 444.0 0.00 0.00
62.0 445.0 0.00 0.00
352.0 445.0 0.00 0.00
525.0 445.0 0.00 0.00
673.0 445.0 0.00 0.00
13.0 446.0 0.00 0.00
78.0 446.0 0.00 0.00
532.0 446.0 0.00 0.00
649.0 446.0 0.00 0.00
740.0 446.0 0.00 0.00
871.0 446.0 0.00 0.00
449.0 447.0 0.00 0.00
458.0 447.0 0.00 0.00
511.0 447.0 0.00 0.00
577.0 447.0 0.00 0.00
631.0 447.0 0.00 0.00
708.0 447.0 0.00 0.00
824.0 447.0 0.00 0.00
848.0 447.0 0.00 0.00
18.0 448.0 0.00 0.00
73.0 448.0 0.00 0.00
92.0 448.0 0.00 0.00
165.0 448.0 0.00 0.00
261.0 448.0 0.00 0.00
480.0 448.0 0.00 0.00
35.0 449.0 0.00 0.00
40.0 449.0 0.00 0.00
295.0 449.0 0.00 0.00
316.0 449.0 0.00 0.00
474.0 449.0 0.00 0.00
582.0 449.0 0.00 0.00
717.0 449.0 0.00 0.00
753.0 449.0 0.00 0.00
882.0 449.0 0.00 0.00
68.0 450.0 0.00 0.00
173.0 450.0 0.00 0.00
178.0 450.0 0.00 0.00
183.0 450.0 0.00 0.00
251.0 450.0 0.00 0.00
440.0 450.0 0.00 0.00
640.0 450.0 0.00 0.00
684.0 450.0 0.00 0.00
1006.0 450.0 0.00 0.00
87.0 451.0 0.00 0.00
135.0 451.0 0.00 0.00
140.0 451.0 0.00 0.00
279.0 451.0 0.00 0.00
380.0 451.0 0.00 0.00
593.0 451.0 0.00 0.00
691.0 451.0 0.00 0.00
740.0 451.0 0.00 0.00
762.0 451.0 0.00 0.00
819.0 451.0 0.00 0.00
52.0 452.0 0.00 0.00
197.0 452.0 0.00 0.00
204.0 452.0 0.00 0.00
274.0 452.0 0.00 0.00
304.0 452.0 0.00 0.00
430.0 452.0 0.00 0.00
572.0 452.0 0.00 0.00
598.0 452.0 0.00 0.00
623.0 452.0 0.00 0.00
919.0 452.0 0.00 0.00
1011.0 452.0 0.00 0.00
30.0 453.0 0.00 0.00
96.0 453.0 0.00 0.00
127.0 453.0 0.00 0.00
145.0 453.0 0.00 0.00
229.0 453.0 0.00 0.00
236.0 453.0 0.00 0.00
371.0 453.0 0.00 0.00
469.0 453.0 0.00 0.00
618.0 453.0 0.00 0.00
837.0 453.0 0.00 0.00
160.0 454.0 0.00 0.00
242.0 454.0 0.00 0.00
407.0 454.0 0.00 0.00
474.0 454.0 0.00 0.00
526.0 454.0 0.00 0.00
531.0 454.0 0.00 0.00
611.0 454.0 0.00 0.00
753.0 454.0 0.00 0.00
795.0 454.0 0.00 0.00
941.0 454.0 0.00 0.00
216.0 455.0 0.00 0.00
221.0 455.0 0.00 0.00
326.0 455.0 0.00 0.00
402.0 455.0 0.00 0.00
545.0 455.0 0.00 0.00
639.0 455.0 0.00 0.00
671.0 455.0 0.00 0.00
682.0 455.0 0.00 0.00
788.0 455.0 0.00 0.00
813.0 455.0 0.00 0.00
959.0 455.0 0.00 0.00
87.0 456.0 0.00 0.00
248.0 456.0 0.00 0.00
460.0 456.0 0.00 0.00
631.0 456.0 0.00 0.00
645.0 456.0 0.00 0.00
739.0 456.0 0.00 0.00
859.0 456.0 0.00 0.00
931.0 456.0 0.00 0.00
947.0 456.0 0.00 0.00
952.0 456.0 0.00 0.00
965.0 456.0 0.00 0.00
262.0 457.0 0.00 0.00
380.0 457.0 0.00 0.00
584.0 457.0 0.00 0.00
677.0 457.0 0.00 0.00
703.0 457.0 0.00 0.00
35.0 458.0 0.00 0.00
499.0 458.0 0.00 0.00
515.0 458.0 0.00 0.00
721.0 458.0 0.00 0.00
806.0 458.0 0.00 0.00
874.0 458.0 0.00 0.00
916.0 458.0 0.00 0.00
977.0 458.0 0.00 0.00
8.0 459.0 0.00 0.00
356.0 459.0 0.00 0.00
611.0 459.0 0.00 0.00
780.0 459.0 0.00 0.00
985.0 459.0 0.00 0.00
20.0 460.0 0.00 0.00
77.0 460.0 0.00 0.00
280.0 460.0 0.00 0.00
298.0 460.0 0.00 0.00
304.0 460.0 0.00 0.00
370.0 460.0 0.00 0.00
525.0 460.0 0.00 0.00
594.0 460.0 0.00 0.00
796.0 460.0 0.00 0.00
815.0 460.0 0.00 0.00
1012.0 460.0 0.00 0.00
120.0 461.0 0.00 0.00
135.0 461.0 0.00 0.00
239.0 461.0 0.00 0.00
249.0 461.0 0.00 0.00
432.0 461.0 0.00 0.00
437.0 461.0 0.00 0.00
520.0 461.0 0.00 0.00
626.0 461.0 0.00 0.00
739.0 461.0 0.00 0.00
830.0 461.0 0.00 0.00
885.0 461.0 0.00 0.00
943.0 461.0 0.00 0.00
91.0 462.0 0.00 0.00
96.0 462.0 0.00 0.00
427.0 462.0 0.00 0.00
584.0 462.0 0.00 0.00
858.0 462.0 0.00 0.00
998.0 462.0 0.00 0.00
1003.0 462.0 0.00 0.00
27.0 463.0 0.00 0.00
39.0 463.0 0.00 0.00
183.0 463.0 0.00 0.00
421.0 463.0 0.00 0.00
750.0 463.0 0.00 0.00
761.0 463.0 0.00 0.00
806.0 463.0 0.00 0.00
911.0 463.0 0.00 0.00
916.0 463.0 0.00 0.00
993.0 463.0 0.00 0.00
11.0 464.0 0.00 0.00
102.0 464.0 0.00 0.00
201.0 464.0 0.00 0.00
330.0 464.0 0.00 0.00
544.0 464.0 0.00 0.00
555.0 464.0 0.00 0.00
613.0 464.0 0.00 0.00
874.0 464.0 0.00 0.00
964.0 464.0 0.00 0.00
76.0 465.0 0.00 0.00
141.0 465.0 0.00 0.00
304.0 465.0 0.00 0.00
648.0 465.0 0.00 0.00
668.0 465.0 0.00 0.00
686.0 465.0 0.00 0.00
731.0 465.0 0.00 0.00
796.0 465.0 0.00 0.00
16.0 466.0 0.00 0.00
530.0 466.0 0.00 0.00
625.0 466.0 0.00 0.00
700.0 466.0 0.00 0.00
719.0 466.0 0.00 0.00
742.0 466.0 0.00 0.00
815.0 466.0 0.00 0.00
900.0 466.0 0.00 0.00
924.0 466.0 0.00 0.00
944.0 466.0 0.00 0.00
430.0 467.0 0.00 0.00
591.0 467.0 0.00 0.00
714.0 467.0 0.00 0.00
776.0 467.0 0.00 0.00
37.0 468.0 0.00 0.00
225.0 468.0 0.00 0.00
240.0 468.0 0.00 0.00
253.0 468.0 0.00 0.00
396.0 468.0 0.00 0.00
782.0 468.0 0.00 0.00
805.0 468.0 0.00 0.00
917.0 468.0 0.00 0.00
293.0 469.0 0.00 0.00
499.0 469.0 0.00 0.00
520.0 469.0 0.00 0.00
554.0 469.0 0.00 0.00
788.0 469.0 0.00 0.00
874.0 469.0 0.00 0.00
51.0 470.0 0.00 0.00
95.0 470.0 0.00 0.00
455.0 470.0 0.00 0.00
630.0 470.0 0.00 0.00
647.0 470.0 0.00 0.00
695.0 470.0 0.00 0.00
840.0 470.0 0.00 0.00
17.0 471.0 0.00 0.00
538.0 471.0 0.00 0.00
543.0 471.0 0.00 0.00
548.0 471.0 0.00 0.00
635.0 471.0 0.00 0.00
677.0 471.0 0.00 0.00
700.0 471.0 0.00 0.00
810.0 471.0 0.00 0.00
817.0 471.0 0.00 0.00
851.0 471.0 0.00 0.00
944.0 471.0 0.00 0.00
22.0 472.0 0.00 0.00
30.0 472.0 0.00 0.00
583.0 472.0 0.00 0.00
591.0 472.0 0.00 0.00
659.0 472.0 0.00 0.00
683.0 472.0 0.00 0.00
757.0 472.0 0.00 0.00
1004.0 472.0 0.00 0.00
196.0 473.0 0.00 0.00
225.0 473.0 0.00 0.00
478.0 473.0 0.00 0.00
802.0 473.0 0.00 0.00
993.0 473.0 0.00 0.00
1013.0 473.0 0.00 0.00
43.0 474.0 0.00 0.00
62.0 474.0 0.00 0.00
211.0 474.0 0.00 0.00
710.0 474.0 0.00 0.00
742.0 474.0 0.00 0.00
830.0 474.0 0.00 0.00
53.0 475.0 0.00 0.00
79.0 475.0 0.00 0.00
915.0 475.0 0.00 0.00
935.0 475.0 0.00 0.00
277.0 476.0 0.00 0.00
292.0 476.0 0.00 0.00
432.0 476.0 0.00 0.00
562.0 476.0 0.00 0.00
612.0 476.0 0.00 0.00
639.0 476.0 0.00 0.00
870.0 476.0 0.00 0.00
8.0 477.0 0.00 0.00
13.0 477.0 0.00 0.00
18.0 477.0 0.00 0.00
25.0 477.0 0.00 0.00
30.0 477.0 0.00 0.00
583.0 477.0 0.00 0.00
649.0 477.0 0.00 0.00
142.0 478.0 0.00 0.00
224.0 478.0 0.00 0.00
252.0 478.0 0.00 0.00
348.0 478.0 0.00 0.00
500.0 478.0 0.00 0.00
658.0 478.0 0.00 0.00
702.0 478.0 0.00 0.00
944.0 478.0 0.00 0.00
42.0 479.0 0.00 0.00
47.0 479.0 0.00 0.00
58.0 479.0 0.00 0.00
319.0 479.0 0.00 0.00
552.0 479.0 0.00 0.00
672.0 479.0 0.00 0.00
765.0 479.0 0.00 0.00
780.0 479.0 0.00 0.00
809.0 479.0 0.00 0.00
895.0 479.0 0.00 0.00
53.0 480.0 0.00 0.00
374.0 480.0 0.00 0.00
410.0 480.0 0.00 0.00
602.0 480.0 0.00 0.00
644.0 480.0 0.00 0.00
709.0 480.0 0.00 0.00
817.0 480.0 0.00 0.00
903.0 480.0 0.00 0.00
908.0 480.0 0.00 0.00
913.0 480.0 0.00 0.00
954.0 480.0 0.00 0.00
93.0 481.0 0.00 0.00
236.0 481.0 0.00 0.00
262.0 481.0 0.00 0.00
486.0 481.0 0.00 0.00
639.0 481.0 0.00 0.00
730.0 481.0 0.00 0.00
1004.0 481.0 0.00 0.00
19.0 482.0 0.00 0.00
24.0 482.0 0.00 0.00
113.0 482.0 0.00 0.00
404.0 482.0 0.00 0.00
575.0 482.0 0.00 0.00
718.0 482.0 0.00 0.00
918.0 482.0 0.00 0.00
326.0 483.0 0.00 0.00
867.0 483.0 0.00 0.00
923.0 483.0 0.00 0.00
58.0 484.0 0.00 0.00
63.0 484.0 0.00 0.00
252.0 484.0 0.00 0.00
284.0 484.0 0.00 0.00
289.0 484.0 0.00 0.00
580.0 484.0 0.00 0.00
694.0 484.0 0.00 0.00
804.0 484.0 0.00 0.00
809.0 484.0 0.00 0.00
53.0 485.0 0.00 0.00
70.0 485.0 0.00 0.00
102.0 485.0 0.00 0.00
273.0 485.0 0.00 0.00
278.0 485.0 0.00 0.00
612.0 485.0 0.00 0.00
620.0 485.0 0.00 0.00
709.0 485.0 0.00 0.00
758.0 485.0 0.00 0.00
848.0 485.0 0.00 0.00
853.0 485.0 0.00 0.00
943.0 485.0 0.00 0.00
32.0 486.0 0.00 0.00
76.0 486.0 0.00 0.00
423.0 486.0 0.00 0.00
658.0 486.0 0.00 0.00
666.0 486.0 0.00 0.00
931.0 486.0 0.00 0.00
1004.0 486.0 0.00 0.00
386.0 487.0 0.00 0.00
547.0 487.0 0.00 0.00
815.0 487.0 0.00 0.00
965.0 487.0 0.00 0.00
19.0 488.0 0.00 0.00
204.0 488.0 0.00 0.00
296.0 488.0 0.00 0.00
457.0 488.0 0.00 0.00
689.0 488.0 0.00 0.00
766.0 488.0 0.00 0.00
1009.0 488.0 0.00 0.00
8.0 489.0 0.00 0.00
13.0 489.0 0.00 0.00
139.0 489.0 0.00 0.00
376.0 489.0 0.00 0.00
580.0 489.0 0.00 0.00
589.0 489.0 0.00 0.00
720.0 489.0 0.00 0.00
771.0 489.0 0.00 0.00
884.0 489.0 0.00 0.00
44.0 490.0 0.00 0.00
91.0 490.0 0.00 0.00
174.0 490.0 0.00 0.00
182.0 490.0 0.00 0.00
598.0 490.0 0.00 0.00
857.0 490.0 0.00 0.00
862.0 490.0 0.00 0.00
980.0 490.0 0.00 0.00
993.0 490.0 0.00 0.00
33.0 491.0 0.00 0.00
38.0 491.0 0.00 0.00
481.0 491.0 0.00 0.00
500.0 491.0 0.00 0.00
640.0 491.0 0.00 0.00
736.0 491.0 0.00 0.00
831.0 491.0 0.00 0.00
842.0 491.0 0.00 0.00
1000.0 491.0 0.00 0.00
245.0 492.0 0.00 0.00
363.0 492.0 0.00 0.00
620.0 492.0 0.00 0.00
955.0 492.0 0.00 0.00
19.0 493.0 0.00 0.00
72.0 493.0 0.00 0.00
191.0 493.0 0.00 0.00
666.0 493.0 0.00 0.00
67.0 494.0 0.00 0.00
104.0 494.0 0.00 0.00
140.0 494.0 0.00 0.00
582.0 494.0 0.00 0.00
611.0 494.0 0.00 0.00
629.0 494.0 0.00 0.00
659.0 494.0 0.00 0.00
720.0 494.0 0.00 0.00
748.0 494.0 0.00 0.00
945.0 494.0 0.00 0.00
62.0 495.0 0.00 0.00
80.0 495.0 0.00 0.00
116.0 495.0 0.00 0.00
145.0 495.0 0.00 0.00
598.0 495.0 0.00 0.00
715.0 495.0 0.00 0.00
823.0 495.0 0.00 0.00
36.0 496.0 0.00 0.00
41.0 496.0 0.00 0.00
57.0 496.0 0.00 0.00
434.0 496.0 0.00 0.00
524.0 496.0 0.00 0.00
680.0 496.0 0.00 0.00
811.0 496.0 0.00 0.00
853.0 496.0 0.00 0.00
29.0 497.0 0.00 0.00
128.0 497.0 0.00 0.00
134.0 497.0 0.00 0.00
1007.0 497.0 0.00 0.00
17.0 498.0 0.00 0.00
52.0 498.0 0.00 0.00
92.0 498.0 0.00 0.00
428.0 498.0 0.00 0.00
645.0 498.0 0.00 0.00
650.0 498.0 0.00 0.00
692.0 498.0 0.00 0.00
700.0 498.0 0.00 0.00
965.0 498.0 0.00 0.00
140.0 499.0 0.00 0.00
608.0 499.0 0.00 0.00
655.0 499.0 0.00 0.00
751.0 499.0 0.00 0.00
957.0 499.0 0.00 0.00
970.0 499.0 0.00 0.00
491.0 500.0 0.00 0.00
630.0 500.0 0.00 0.00
710.0 500.0 0.00 0.00
926.0 500.0 0.00 0.00
45.0 501.0 0.00 0.00
597.0 501.0 0.00 0.00
720.0 501.0 0.00 0.00
853.0 501.0 0.00 0.00
715.0 502.0 0.00 0.00
728.0 502.0 0.00 0.00
16.0 503.0 0.00 0.00
36.0 503.0 0.00 0.00
66.0 503.0 0.00 0.00
83.0 503.0 0.00 0.00
171.0 503.0 0.00 0.00
241.0 503.0 0.00 0.00
246.0 503.0 0.00 0.00
377.0 503.0 0.00 0.00
875.0 503.0 0.00 0.00
885.0 503.0 0.00 0.00
942.0 503.0 0.00 0.00
991.0 503.0 0.00 0.00
212.0 504.0 0.00 0.00
217.0 504.0 0.00 0.00
411.0 504.0 0.00 0.00
501.0 504.0 0.00 0.00
538.0 504.0 0.00 0.00
677.0 504.0 0.00 0.00
820.0 504.0 0.00 0.00
832.0 504.0 0.00 0.00
843.0 504.0 0.00 0.00
92.0 505.0 0.00 0.00
355.0 505.0 0.00 0.00
422.0 505.0 0.00 0.00
462.0 505.0 0.00 0.00
525.0 505.0 0.00 0.00
661.0 505.0 0.00 0.00
710.0 505.0 0.00 0.00
736.0 505.0 0.00 0.00
894.0 505.0 0.00 0.00
21.0 506.0 0.00 0.00
43.0 506.0 0.00 0.00
229.0 506.0 0.00 0.00
669.0 506.0 0.00 0.00
699.0 506.0 0.00 0.00
782.0 506.0 0.00 0.00
852.0 506.0 0.00 0.00
956.0 506.0 0.00 0.00
476.0 507.0 0.00 0.00
483.0 507.0 0.00 0.00
627.0 507.0 0.00 0.00
692.0 507.0 0.00 0.00
717.0 507.0 0.00 0.00
724.0 507.0 0.00 0.00
729.0 507.0 0.00 0.00
756.0 507.0 0.00 0.00
67.0 508.0 0.00 0.00
84.0 508.0 0.00 0.00
762.0 508.0 0.00 0.00
767.0 508.0 0.00 0.00
992.0 508.0 0.00 0.00
365.0 509.0 0.00 0.00
446.0 509.0 0.00 0.00
787.0 509.0 0.00 0.00
807.0 509.0 0.00 0.00
987.0 509.0 0.00 0.00
75.0 510.0 0.00 0.00
92.0 510.0 0.00 0.00
263.0 510.0 0.00 0.00
597.0 510.0 0.00 0.00
736.0 510.0 0.00 0.00
744.0 510.0 0.00 0.00
967.0 510.0 0.00 0.00
432.0 511.0 0.00 0.00
550.0 511.0 0.00 0.00
592.0 511.0 0.00 0.00
647.0 511.0 0.00 0.00
700.0 511.0 0.00 0.00
709.0 511.0 0.00 0.00
772.0 511.0 0.00 0.00
8.0 512.0 0.00 0.00
677.0 512.0 0.00 0.00
682.0 512.0 0.00 0.00
687.0 512.0 0.00 0.00
692.0 512.0 0.00 0.00
716.0 512.0 0.00 0.00
849.0 512.0 0.00 0.00
13.0 513.0 0.00 0.00
52.0 513.0 0.00 0.00
83.0 513.0 0.00 0.00
285.0 513.0 0.00 0.00
560.0 513.0 0.00 0.00
723.0 513.0 0.00 0.00
814.0 513.0 0.00 0.00
819.0 513.0 0.00 0.00
43.0 514.0 0.00 0.00
489.0 514.0 0.00 0.00
567.0 514.0 0.00 0.00
947.0 514.0 0.00 0.00
106.0 515.0 0.00 0.00
735.0 515.0 0.00 0.00
796.0 515.0 0.00 0.00
28.0 516.0 0.00 0.00
136.0 516.0 0.00 0.00
349.0 516.0 0.00 0.00
511.0 516.0 0.00 0.00
709.0 516.0 0.00 0.00
757.0 516.0 0.00 0.00
122.0 517.0 0.00 0.00
213.0 517.0 0.00 0.00
229.0 517.0 0.00 0.00
403.0 517.0 0.00 0.00
673.0 517.0 0.00 0.00
381.0 518.0 0.00 0.00
534.0 518.0 0.00 0.00
657.0 518.0 0.00 0.00
723.0 518.0 0.00 0.00
784.0 518.0 0.00 0.00
455.0 519.0 0.00 0.00
477.0 519.0 0.00 0.00
502.0 519.0 0.00 0.00
690.0 519.0 0.00 0.00
695.0 519.0 0.00 0.00
980.0 519.0 0.00 0.00
159.0 520.0 0.00 0.00
237.0 520.0 0.00 0.00
280.0 520.0 0.00 0.00
436.0 520.0 0.00 0.00
701.0 520.0 0.00 0.00
826.0 520.0 0.00 0.00
19.0 521.0 0.00 0.00
87.0 521.0 0.00 0.00
668.0 521.0 0.00 0.00
879.0 521.0 0.00 0.00
939.0 521.0 0.00 0.00
8.0 522.0 0.00 0.00
778.0 522.0 0.00 0.00
968.0 522.0 0.00 0.00
706.0 523.0 0.00 0.00
737.0 523.0 0.00 0.00
988.0 523.0 0.00 0.00
175.0 524.0 0.00 0.00
213.0 524.0 0.00 0.00
354.0 524.0 0.00 0.00
691.0 524.0 0.00 0.00
717.0 524.0 0.00 0.00
809.0 524.0 0.00 0.00
51.0 525.0 0.00 0.00
94.0 525.0 0.00 0.00
163.0 525.0 0.00 0.00
198.0 525.0 0.00 0.00
208.0 525.0 0.00 0.00
359.0 525.0 0.00 0.00
470.0 525.0 0.00 0.00
635.0 525.0 0.00 0.00
644.0 525.0 0.00 0.00
850.0 525.0 0.00 0.00
67.0 526.0 0.00 0.00
460.0 526.0 0.00 0.00
489.0 526.0 0.00 0.00
500.0 526.0 0.00 0.00
675.0 526.0 0.00 0.00
729.0 526.0 0.00 0.00
20.0 527.0 0.00 0.00
60.0 527.0 0.00 0.00
256.0 527.0 0.00 0.00
301.0 527.0 0.00 0.00
511.0 527.0 0.00 0.00
795.0 527.0 0.00 0.00
39.0 528.0 0.00 0.00
77.0 528.0 0.00 0.00
218.0 528.0 0.00 0.00
223.0 528.0 0.00 0.00
229.0 528.0 0.00 0.00
389.0 528.0 0.00 0.00
746.0 528.0 0.00 0.00
752.0 528.0 0.00 0.00
766.0 528.0 0.00 0.00
9.0 529.0 0.00 0.00
341.0 529.0 0.00 0.00
550.0 529.0 0.00 0.00
707.0 529.0 0.00 0.00
724.0 529.0 0.00 0.00
982.0 529.0 0.00 0.00
738.0 530.0 0.00 0.00
87.0 531.0 0.00 0.00
154.0 531.0 0.00 0.00
242.0 531.0 0.00 0.00
247.0 531.0 0.00 0.00
422.0 531.0 0.00 0.00
20.0 532.0 0.00 0.00
59.0 532.0 0.00 0.00
320.0 532.0 0.00 0.00
435.0 532.0 0.00 0.00
14.0 533.0 0.00 0.00
78.0 533.0 0.00 0.00
744.0 533.0 0.00 0.00
853.0 533.0 0.00 0.00
9.0 534.0 0.00 0.00
467.0 534.0 0.00 0.00
664.0 534.0 0.00 0.00
683.0 534.0 0.00 0.00
724.0 534.0 0.00 0.00
792.0 534.0 0.00 0.00
826.0 534.0 0.00 0.00
353.0 535.0 0.00 0.00
444.0 535.0 0.00 0.00
739.0 535.0 0.00 0.00
977.0 535.0 0.00 0.00
983.0 535.0 0.00 0.00
109.0 536.0 0.00 0.00
154.0 536.0 0.00 0.00
165.0 536.0 0.00 0.00
213.0 536.0 0.00 0.00
375.0 536.0 0.00 0.00
841.0 536.0 0.00 0.00
865.0 536.0 0.00 0.00
988.0 536.0 0.00 0.00
59.0 537.0 0.00 0.00
92.0 537.0 0.00 0.00
381.0 537.0 0.00 0.00
22.0 538.0 0.00 0.00
70.0 538.0 0.00 0.00
81.0 538.0 0.00 0.00
568.0 538.0 0.00 0.00
651.0 538.0 0.00 0.00
744.0 538.0 0.00 0.00
749.0 538.0 0.00 0.00
876.0 538.0 0.00 0.00
968.0 538.0 0.00 0.00
241.0 539.0 0.00 0.00
363.0 539.0 0.00 0.00
393.0 539.0 0.00 0.00
400.0 539.0 0.00 0.00
416.0 539.0 0.00 0.00
689.0 539.0 0.00 0.00
703.0 539.0 0.00 0.00
708.0 539.0 0.00 0.00
754.0 539.0 0.00 0.00
759.0 539.0 0.00 0.00
766.0 539.0 0.00 0.00
903.0 539.0 0.00 0.00
8.0 540.0 0.00 0.00
40.0 540.0 0.00 0.00
305.0 540.0 0.00 0.00
368.0 540.0 0.00 0.00
405.0 540.0 0.00 0.00
411.0 540.0 0.00 0.00
713.0 540.0 0.00 0.00
732.0 540.0 0.00 0.00
898.0 540.0 0.00 0.00
473.0 541.0 0.00 0.00
680.0 541.0 0.00 0.00
273.0 542.0 0.00 0.00
278.0 542.0 0.00 0.00
462.0 542.0 0.00 0.00
835.0 542.0 0.00 0.00
76.0 543.0 0.00 0.00
425.0 543.0 0.00 0.00
698.0 543.0 0.00 0.00
807.0 543.0 0.00 0.00
819.0 543.0 0.00 0.00
90.0 544.0 0.00 0.00
512.0 544.0 0.00 0.00
849.0 544.0 0.00 0.00
23.0 545.0 0.00 0.00
39.0 545.0 0.00 0.00
59.0 545.0 0.00 0.00
266.0 545.0 0.00 0.00
412.0 545.0 0.00 0.00
498.0 545.0 0.00 0.00
717.0 545.0 0.00 0.00
722.0 545.0 0.00 0.00
731.0 545.0 0.00 0.00
795.0 545.0 0.00 0.00
229.0 546.0 0.00 0.00
974.0 546.0 0.00 0.00
987.0 546.0 0.00 0.00
1007.0 546.0 0.00 0.00
68.0 547.0 0.00 0.00
177.0 547.0 0.00 0.00
195.0 547.0 0.00 0.00
261.0 547.0 0.00 0.00
555.0 547.0 0.00 0.00
790.0 547.0 0.00 0.00
75.0 548.0 0.00 0.00
256.0 548.0 0.00 0.00
807.0 548.0 0.00 0.00
51.0 549.0 0.00 0.00
93.0 549.0 0.00 0.00
777.0 549.0 0.00 0.00
112.0 550.0 0.00 0.00
154.0 550.0 0.00 0.00
412.0 550.0 0.00 0.00
731.0 550.0 0.00 0.00
828.0 550.0 0.00 0.00
838.0 551.0 0.00 0.00
999.0 551.0 0.00 0.00
15.0 552.0 0.00 0.00
69.0 552.0 0.00 0.00
203.0 552.0 0.00 0.00
225.0 552.0 0.00 0.00
270.0 552.0 0.00 0.00
813.0 552.0 0.00 0.00
1014.0 552.0 0.00 0.00
76.0 553.0 0.00 0.00
382.0 553.0 0.00 0.00
562.0 553.0 0.00 0.00
863.0 553.0 0.00 0.00
92.0 554.0 0.00 0.00
498.0 554.0 0.00 0.00
597.0 554.0 0.00 0.00
44.0 555.0 0.00 0.00
84.0 555.0 0.00 0.00
153.0 555.0 0.00 0.00
245.0 555.0 0.00 0.00
343.0 555.0 0.00 0.00
404.0 555.0 0.00 0.00
473.0 555.0 0.00 0.00
868.0 555.0 0.00 0.00
28.0 556.0 0.00 0.00
63.0 556.0 0.00 0.00
163.0 556.0 0.00 0.00
799.0 556.0 0.00 0.00
68.0 557.0 0.00 0.00
113.0 557.0 0.00 0.00
298.0 557.0 0.00 0.00
645.0 557.0 0.00 0.00
787.0 557.0 0.00 0.00
849.0 557.0 0.00 0.00
876.0 557.0 0.00 0.00
77.0 558.0 0.00 0.00
143.0 558.0 0.00 0.00
369.0 558.0 0.00 0.00
531.0 558.0 0.00 0.00
822.0 558.0 0.00 0.00
93.0 559.0 0.00 0.00
240.0 559.0 0.00 0.00
394.0 559.0 0.00 0.00
441.0 559.0 0.00 0.00
625.0 559.0 0.00 0.00
152.0 560.0 0.00 0.00
170.0 560.0 0.00 0.00
235.0 560.0 0.00 0.00
489.0 560.0 0.00 0.00
700.0 560.0 0.00 0.00
771.0 560.0 0.00 0.00
883.0 560.0 0.00 0.00
940.0 560.0 0.00 0.00
968.0 560.0 0.00 0.00
8.0 561.0 0.00 0.00
28.0 561.0 0.00 0.00
38.0 561.0 0.00 0.00
84.0 561.0 0.00 0.00
230.0 561.0 0.00 0.00
294.0 562.0 0.00 0.00
330.0 562.0 0.00 0.00
423.0 562.0 0.00 0.00
484.0 562.0 0.00 0.00
683.0 562.0 0.00 0.00
836.0 562.0 0.00 0.00
854.0 562.0 0.00 0.00
18.0 563.0 0.00 0.00
107.0 563.0 0.00 0.00
476.0 563.0 0.00 0.00
806.0 563.0 0.00 0.00
94.0 564.0 0.00 0.00
178.0 564.0 0.00 0.00
399.0 564.0 0.00 0.00
499.0 564.0 0.00 0.00
583.0 564.0 0.00 0.00
638.0 564.0 0.00 0.00
813.0 564.0 0.00 0.00
49.0 565.0 0.00 0.00
61.0 565.0 0.00 0.00
313.0 565.0 0.00 0.00
593.0 565.0 0.00 0.00
845.0 565.0 0.00 0.00
872.0 565.0 0.00 0.00
884.0 565.0 0.00 0.00
69.0 566.0 0.00 0.00
83.0 566.0 0.00 0.00
220.0 566.0 0.00 0.00
299.0 566.0 0.00 0.00
523.0 566.0 0.00 0.00
598.0 566.0 0.00 0.00
859.0 566.0 0.00 0.00
892.0 566.0 0.00 0.00
194.0 567.0 0.00 0.00
293.0 567.0 0.00 0.00
825.0 567.0 0.00 0.00
1007.0 567.0 0.00 0.00
31.0 568.0 0.00 0.00
107.0 568.0 0.00 0.00
186.0 568.0 0.00 0.00
469.0 568.0 0.00 0.00
512.0 568.0 0.00 0.00
621.0 568.0 0.00 0.00
26.0 569.0 0.00 0.00
566.0 569.0 0.00 0.00
649.0 569.0 0.00 0.00
694.0 569.0 0.00 0.00
769.0 569.0 0.00 0.00
795.0 569.0 0.00 0.00
800.0 569.0 0.00 0.00
864.0 569.0 0.00 0.00
908.0 569.0 0.00 0.00
102.0 570.0 0.00 0.00
148.0 570.0 0.00 0.00
260.0 570.0 0.00 0.00
676.0 570.0 0.00 0.00
805.0 570.0 0.00 0.00
830.0 570.0 0.00 0.00
18.0 571.0 0.00 0.00
56.0 571.0 0.00 0.00
76.0 571.0 0.00 0.00
97.0 571.0 0.00 0.00
212.0 571.0 0.00 0.00
217.0 571.0 0.00 0.00
222.0 571.0 0.00 0.00
610.0 571.0 0.00 0.00
760.0 571.0 0.00 0.00
859.0 571.0 0.00 0.00
10.0 572.0 0.00 0.00
39.0 572.0 0.00 0.00
129.0 572.0 0.00 0.00
245.0 572.0 0.00 0.00
582.0 572.0 0.00 0.00
631.0 572.0 0.00 0.00
871.0 572.0 0.00 0.00
880.0 572.0 0.00 0.00
914.0 572.0 0.00 0.00
919.0 572.0 0.00 0.00
86.0 573.0 0.00 0.00
91.0 573.0 0.00 0.00
265.0 573.0 0.00 0.00
380.0 573.0 0.00 0.00
485.0 573.0 0.00 0.00
51.0 574.0 0.00 0.00
228.0 574.0 0.00 0.00
571.0 574.0 0.00 0.00
670.0 574.0 0.00 0.00
787.0 574.0 0.00 0.00
845.0 574.0 0.00 0.00
102.0 575.0 0.00 0.00
114.0 575.0 0.00 0.00
260.0 575.0 0.00 0.00
307.0 575.0 0.00 0.00
350.0 575.0 0.00 0.00
451.0 575.0 0.00 0.00
560.0 575.0 0.00 0.00
901.0 575.0 0.00 0.00
56.0 576.0 0.00 0.00
96.0 576.0 0.00 0.00
173.0 576.0 0.00 0.00
207.0 576.0 0.00 0.00
275.0 576.0 0.00 0.00
809.0 576.0 0.00 0.00
828.0 576.0 0.00 0.00
857.0 576.0 0.00 0.00
892.0 576.0 0.00 0.00
1015.0 576.0 0.00 0.00
202.0 577.0 0.00 0.00
412.0 577.0 0.00 0.00
639.0 577.0 0.00 0.00
196.0 578.0 0.00 0.00
654.0 578.0 0.00 0.00
159.0 579.0 0.00 0.00
191.0 579.0 0.00 0.00
434.0 579.0 0.00 0.00
1005.0 579.0 0.00 0.00
81.0 580.0 0.00 0.00
106.0 580.0 0.00 0.00
345.0 580.0 0.00 0.00
515.0 580.0 0.00 0.00
922.0 580.0 0.00 0.00
1010.0 580.0 0.00 0.00
32.0 581.0 0.00 0.00
56.0 581.0 0.00 0.00
96.0 581.0 0.00 0.00
172.0 581.0 0.00 0.00
246.0 581.0 0.00 0.00
314.0 581.0 0.00 0.00
827.0 581.0 0.00 0.00
938.0 581.0 0.00 0.00
943.0 581.0 0.00 0.00
43.0 582.0 0.00 0.00
908.0 582.0 0.00 0.00
101.0 583.0 0.00 0.00
124.0 583.0 0.00 0.00
858.0 583.0 0.00 0.00
915.0 583.0 0.00 0.00
929.0 583.0 0.00 0.00
119.0 584.0 0.00 0.00
159.0 584.0 0.00 0.00
187.0 584.0 0.00 0.00
209.0 584.0 0.00 0.00
237.0 584.0 0.00 0.00
483.0 584.0 0.00 0.00
864.0 584.0 0.00 0.00
873.0 584.0 0.00 0.00
559.0 585.0 0.00 0.00
836.0 585.0 0.00 0.00
878.0 585.0 0.00 0.00
147.0 586.0 0.00 0.00
164.0 586.0 0.00 0.00
169.0 586.0 0.00 0.00
401.0 586.0 0.00 0.00
888.0 586.0 0.00 0.00
934.0 586.0 0.00 0.00
945.0 586.0 0.00 0.00
1015.0 586.0 0.00 0.00
20.0 587.0 0.00 0.00
278.0 587.0 0.00 0.00
373.0 587.0 0.00 0.00
456.0 587.0 0.00 0.00
788.0 587.0 0.00 0.00
897.0 587.0 0.00 0.00
950.0 587.0 0.00 0.00
110.0 588.0 0.00 0.00
127.0 588.0 0.00 0.00
177.0 588.0 0.00 0.00
182.0 588.0 0.00 0.00
631.0 588.0 0.00 0.00
654.0 588.0 0.00 0.00
712.0 588.0 0.00 0.00
902.0 588.0 0.00 0.00
74.0 589.0 0.00 0.00
84.0 589.0 0.00 0.00
140.0 589.0 0.00 0.00
209.0 589.0 0.00 0.00
230.0 589.0 0.00 0.00
828.0 589.0 0.00 0.00
849.0 589.0 0.00 0.00
59.0 590.0 0.00 0.00
90.0 590.0 0.00 0.00
414.0 590.0 0.00 0.00
704.0 590.0 0.00 0.00
761.0 590.0 0.00 0.00
813.0 590.0 0.00 0.00
425.0 591.0 0.00 0.00
465.0 591.0 0.00 0.00
914.0 591.0 0.00 0.00
937.0 591.0 0.00 0.00
20.0 592.0 0.00 0.00
172.0 592.0 0.00 0.00
315.0 592.0 0.00 0.00
346.0 592.0 0.00 0.00
392.0 592.0 0.00 0.00
510.0 592.0 0.00 0.00
659.0 592.0 0.00 0.00
721.0 592.0 0.00 0.00
773.0 592.0 0.00 0.00
909.0 592.0 0.00 0.00
1013.0 592.0 0.00 0.00
30.0 593.0 0.00 0.00
51.0 593.0 0.00 0.00
243.0 593.0 0.00 0.00
46.0 594.0 0.00 0.00
492.0 594.0 0.00 0.00
647.0 594.0 0.00 0.00
130.0 595.0 0.00 0.00
159.0 595.0 0.00 0.00
224.0 595.0 0.00 0.00
502.0 595.0 0.00 0.00
110.0 596.0 0.00 0.00
125.0 596.0 0.00 0.00
365.0 596.0 0.00 0.00
384.0 596.0 0.00 0.00
558.0 596.0 0.00 0.00
939.0 596.0 0.00 0.00
284.0 597.0 0.00 0.00
659.0 597.0 0.00 0.00
679.0 597.0 0.00 0.00
898.0 597.0 0.00 0.00
925.0 597.0 0.00 0.00
944.0 597.0 0.00 0.00
550.0 598.0 0.00 0.00
674.0 598.0 0.00 0.00
949.0 598.0 0.00 0.00
969.0 598.0 0.00 0.00
35.0 599.0 0.00 0.00
119.0 599.0 0.00 0.00
183.0 599.0 0.00 0.00
433.0 599.0 0.00 0.00
532.0 599.0 0.00 0.00
664.0 599.0 0.00 0.00
669.0 599.0 0.00 0.00
137.0 600.0 0.00 0.00
211.0 600.0 0.00 0.00
236.0 600.0 0.00 0.00
804.0 600.0 0.00 0.00
893.0 600.0 0.00 0.00
164.0 601.0 0.00 0.00
793.0 601.0 0.00 0.00
1006.0 601.0 0.00 0.00
316.0 602.0 0.00 0.00
21.0 603.0 0.00 0.00
52.0 603.0 0.00 0.00
204.0 603.0 0.00 0.00
254.0 603.0 0.00 0.00
275.0 603.0 0.00 0.00
390.0 603.0 0.00 0.00
641.0 603.0 0.00 0.00
659.0 603.0 0.00 0.00
684.0 603.0 0.00 0.00
907.0 603.0 0.00 0.00
954.0 603.0 0.00 0.00
88.0 604.0 0.00 0.00
120.0 604.0 0.00 0.00
170.0 604.0 0.00 0.00
183.0 604.0 0.00 0.00
199.0 604.0 0.00 0.00
267.0 604.0 0.00 0.00
931.0 604.0 0.00 0.00
972.0 604.0 0.00 0.00
995.0 604.0 0.00 0.00
26.0 605.0 0.00 0.00
31.0 605.0 0.00 0.00
885.0 605.0 0.00 0.00
943.0 605.0 0.00 0.00
158.0 606.0 0.00 0.00
226.0 606.0 0.00 0.00
372.0 606.0 0.00 0.00
382.0 606.0 0.00 0.00
598.0 606.0 0.00 0.00
8.0 607.0 0.00 0.00
13.0 607.0 0.00 0.00
45.0 607.0 0.00 0.00
109.0 607.0 0.00 0.00
450.0 607.0 0.00 0.00
751.0 607.0 0.00 0.00
964.0 607.0 0.00 0.00
488.0 608.0 0.00 0.00
657.0 608.0 0.00 0.00
679.0 608.0 0.00 0.00
873.0 608.0 0.00 0.00
499.0 609.0 0.00 0.00
895.0 609.0 0.00 0.00
900.0 609.0 0.00 0.00
1008.0 609.0 0.00 0.00
99.0 610.0 0.00 0.00
124.0 610.0 0.00 0.00
177.0 610.0 0.00 0.00
412.0 610.0 0.00 0.00
440.0 610.0 0.00 0.00
667.0 610.0 0.00 0.00
692.0 610.0 0.00 0.00
759.0 610.0 0.00 0.00
980.0 610.0 0.00 0.00
66.0 611.0 0.00 0.00
135.0 611.0 0.00 0.00
733.0 611.0 0.00 0.00
10.0 612.0 0.00 0.00
32.0 612.0 0.00 0.00
108.0 612.0 0.00 0.00
141.0 612.0 0.00 0.00
165.0 612.0 0.00 0.00
198.0 612.0 0.00 0.00
242.0 612.0 0.00 0.00
929.0 612.0 0.00 0.00
365.0 613.0 0.00 0.00
390.0 613.0 0.00 0.00
407.0 613.0 0.00 0.00
678.0 613.0 0.00 0.00
722.0 613.0 0.00 0.00
727.0 613.0 0.00 0.00
772.0 613.0 0.00 0.00
941.0 613.0 0.00 0.00
171.0 614.0 0.00 0.00
572.0 614.0 0.00 0.00
970.0 614.0 0.00 0.00
318.0 615.0 0.00 0.00
468.0 615.0 0.00 0.00
891.0 615.0 0.00 0.00
41.0 616.0 0.00 0.00
160.0 616.0 0.00 0.00
534.0 616.0 0.00 0.00
656.0 616.0 0.00 0.00
740.0 616.0 0.00 0.00
778.0 616.0 0.00 0.00
278.0 617.0 0.00 0.00
665.0 617.0 0.00 0.00
993.0 617.0 0.00 0.00
692.0 618.0 0.00 0.00
986.0 618.0 0.00 0.00
100.0 619.0 0.00 0.00
155.0 619.0 0.00 0.00
169.0 619.0 0.00 0.00
232.0 619.0 0.00 0.00
243.0 619.0 0.00 0.00
478.0 619.0 0.00 0.00
634.0 619.0 0.00 0.00
681.0 619.0 0.00 0.00
263.0 620.0 0.00 0.00
561.0 620.0 0.00 0.00
566.0 620.0 0.00 0.00
675.0 620.0 0.00 0.00
783.0 620.0 0.00 0.00
808.0 620.0 0.00 0.00
899.0 620.0 0.00 0.00
41.0 621.0 0.00 0.00
164.0 621.0 0.00 0.00
180.0 621.0 0.00 0.00
552.0 621.0 0.00 0.00
583.0 621.0 0.00 0.00
751.0 621.0 0.00 0.00
945.0 621.0 0.00 0.00
957.0 621.0 0.00 0.00
216.0 622.0 0.00 0.00
424.0 622.0 0.00 0.00
718.0 622.0 0.00 0.00
10.0 624.0 0.00 0.00
197.0 624.0 0.00 0.00
626.0 624.0 0.00 0.00
110.0 625.0 0.00 0.00
149.0 625.0 0.00 0.00
448.0 625.0 0.00 0.00
546.0 625.0 0.00 0.00
665.0 625.0 0.00 0.00
670.0 625.0 0.00 0.00
676.0 625.0 0.00 0.00
698.0 625.0 0.00 0.00
1011.0 625.0 0.00 0.00
20.0 626.0 0.00 0.00
38.0 626.0 0.00 0.00
606.0 626.0 0.00 0.00
994.0 626.0 0.00 0.00
30.0 627.0 0.00 0.00
84.0 627.0 0.00 0.00
102.0 627.0 0.00 0.00
374.0 627.0 0.00 0.00
768.0 627.0 0.00 0.00
190.0 628.0 0.00 0.00
341.0 628.0 0.00 0.00
780.0 628.0 0.00 0.00
209.0 629.0 0.00 0.00
745.0 629.0 0.00 0.00
836.0 629.0 0.00 0.00
56.0 630.0 0.00 0.00
118.0 630.0 0.00 0.00
688.0 630.0 0.00 0.00
1008.0 630.0 0.00 0.00
1015.0 630.0 0.00 0.00
21.0 631.0 0.00 0.00
297.0 631.0 0.00 0.00
382.0 631.0 0.00 0.00
405.0 631.0 0.00 0.00
787.0 631.0 0.00 0.00
169.0 632.0 0.00 0.00
175.0 632.0 0.00 0.00
180.0 632.0 0.00 0.00
185.0 632.0 0.00 0.00
645.0 632.0 0.00 0.00
752.0 632.0 0.00 0.00
350.0 633.0 0.00 0.00
359.0 633.0 0.00 0.00
524.0 633.0 0.00 0.00
556.0 633.0 0.00 0.00
699.0 633.0 0.00 0.00
705.0 633.0 0.00 0.00
757.0 633.0 0.00 0.00
762.0 633.0 0.00 0.00
967.0 633.0 0.00 0.00
42.0 634.0 0.00 0.00
133.0 634.0 0.00 0.00
145.0 634.0 0.00 0.00
155.0 634.0 0.00 0.00
214.0 634.0 0.00 0.00
247.0 634.0 0.00 0.00
317.0 634.0 0.00 0.00
549.0 634.0 0.00 0.00
819.0 634.0 0.00 0.00
876.0 634.0 0.00 0.00
27.0 635.0 0.00 0.00
128.0 635.0 0.00 0.00
544.0 635.0 0.00 0.00
601.0 635.0 0.00 0.00
606.0 635.0 0.00 0.00
995.0 635.0 0.00 0.00
1000.0 635.0 0.00 0.00
118.0 636.0 0.00 0.00
123.0 636.0 0.00 0.00
190.0 636.0 0.00 0.00
205.0 636.0 0.00 0.00
430.0 636.0 0.00 0.00
687.0 636.0 0.00 0.00
799.0 636.0 0.00 0.00
983.0 636.0 0.00 0.00
988.0 636.0 0.00 0.00
66.0 637.0 0.00 0.00
8.0 638.0 0.00 0.00
105.0 638.0 0.00 0.00
136.0 639.0 0.00 0.00
531.0 639.0 0.00 0.00
592.0 639.0 0.00 0.00
819.0 639.0 0.00 0.00
1005.0 639.0 0.00 0.00
47.0 640.0 0.00 0.00
565.0 640.0 0.00 0.00
710.0 640.0 0.00 0.00
93.0 641.0 0.00 0.00
166.0 641.0 0.00 0.00
526.0 641.0 0.00 0.00
541.0 641.0 0.00 0.00
695.0 641.0 0.00 0.00
731.0 641.0 0.00 0.00
415.0 642.0 0.00 0.00
521.0 642.0 0.00 0.00
582.0 642.0 0.00 0.00
808.0 642.0 0.00 0.00
104.0 643.0 0.00 0.00
675.0 643.0 0.00 0.00
749.0 643.0 0.00 0.00
957.0 643.0 0.00 0.00
29.0 644.0 0.00 0.00
72.0 644.0 0.00 0.00
190.0 644.0 0.00 0.00
216.0 644.0 0.00 0.00
278.0 644.0 0.00 0.00
1003.0 644.0 0.00 0.00
466.0 645.0 0.00 0.00
507.0 645.0 0.00 0.00
655.0 645.0 0.00 0.00
702.0 645.0 0.00 0.00
922.0 645.0 0.00 0.00
998.0 645.0 0.00 0.00
494.0 646.0 0.00 0.00
48.0 647.0 0.00 0.00
115.0 647.0 0.00 0.00
393.0 647.0 0.00 0.00
430.0 647.0 0.00 0.00
459.0 647.0 0.00 0.00
517.0 647.0 0.00 0.00
792.0 647.0 0.00 0.00
803.0 647.0 0.00 0.00
102.0 648.0 0.00 0.00
140.0 648.0 0.00 0.00
145.0 648.0 0.00 0.00
357.0 648.0 0.00 0.00
404.0 648.0 0.00 0.00
556.0 648.0 0.00 0.00
607.0 648.0 0.00 0.00
632.0 648.0 0.00 0.00
837.0 648.0 0.00 0.00
1015.0 648.0 0.00 0.00
61.0 649.0 0.00 0.00
903.0 649.0 0.00 0.00
942.0 649.0 0.00 0.00
8.0 650.0 0.00 0.00
37.0 650.0 0.00 0.00
371.0 650.0 0.00 0.00
547.0 650.0 0.00 0.00
980.0 650.0 0.00 0.00
996.0 650.0 0.00 0.00
86.0 651.0 0.00 0.00
467.0 651.0 0.00 0.00
935.0 651.0 0.00 0.00
47.0 652.0 0.00 0.00
157.0 652.0 0.00 0.00
347.0 652.0 0.00 0.00
567.0 652.0 0.00 0.00
588.0 652.0 0.00 0.00
761.0 652.0 0.00 0.00
803.0 652.0 0.00 0.00
170.0 653.0 0.00 0.00
205.0 653.0 0.00 0.00
294.0 653.0 0.00 0.00
382.0 653.0 0.00 0.00
536.0 653.0 0.00 0.00
722.0 653.0 0.00 0.00
879.0 653.0 0.00 0.00
456.0 654.0 0.00 0.00
684.0 654.0 0.00 0.00
8.0 655.0 0.00 0.00
15.0 655.0 0.00 0.00
26.0 655.0 0.00 0.00
165.0 655.0 0.00 0.00
499.0 655.0 0.00 0.00
524.0 655.0 0.00 0.00
997.0 655.0 0.00 0.00
1003.0 655.0 0.00 0.00
95.0 656.0 0.00 0.00
129.0 656.0 0.00 0.00
188.0 656.0 0.00 0.00
329.0 656.0 0.00 0.00
358.0 656.0 0.00 0.00
595.0 656.0 0.00 0.00
609.0 656.0 0.00 0.00
615.0 657.0 0.00 0.00
621.0 657.0 0.00 0.00
700.0 657.0 0.00 0.00
803.0 657.0 0.00 0.00
31.0 658.0 0.00 0.00
75.0 658.0 0.00 0.00
119.0 658.0 0.00 0.00
341.0 658.0 0.00 0.00
346.0 658.0 0.00 0.00
510.0 658.0 0.00 0.00
36.0 659.0 0.00 0.00
632.0 659.0 0.00 0.00
988.0 659.0 0.00 0.00
1011.0 659.0 0.00 0.00
15.0 660.0 0.00 0.00
48.0 660.0 0.00 0.00
61.0 660.0 0.00 0.00
84.0 660.0 0.00 0.00
110.0 660.0 0.00 0.00
835.0 660.0 0.00 0.00
878.0 660.0 0.00 0.00
957.0 660.0 0.00 0.00
978.0 660.0 0.00 0.00
846.0 661.0 0.00 0.00
944.0 661.0 0.00 0.00
967.0 661.0 0.00 0.00
216.0 662.0 0.00 0.00
298.0 662.0 0.00 0.00
458.0 662.0 0.00 0.00
481.0 662.0 0.00 0.00
486.0 662.0 0.00 0.00
493.0 662.0 0.00 0.00
712.0 662.0 0.00 0.00
806.0 662.0 0.00 0.00
26.0 663.0 0.00 0.00
156.0 663.0 0.00 0.00
288.0 663.0 0.00 0.00
475.0 663.0 0.00 0.00
687.0 663.0 0.00 0.00
721.0 663.0 0.00 0.00
999.0 663.0 0.00 0.00
277.0 664.0 0.00 0.00
412.0 664.0 0.00 0.00
657.0 664.0 0.00 0.00
707.0 664.0 0.00 0.00
814.0 664.0 0.00 0.00
887.0 664.0 0.00 0.00
1005.0 664.0 0.00 0.00
84.0 665.0 0.00 0.00
649.0 666.0 0.00 0.00
678.0 666.0 0.00 0.00
701.0 666.0 0.00 0.00
920.0 666.0 0.00 0.00
21.0 667.0 0.00 0.00
101.0 667.0 0.00 0.00
122.0 667.0 0.00 0.00
351.0 667.0 0.00 0.00
532.0 667.0 0.00 0.00
694.0 667.0 0.00 0.00
931.0 667.0 0.00 0.00
259.0 668.0 0.00 0.00
733.0 668.0 0.00 0.00
743.0 668.0 0.00 0.00
67.0 669.0 0.00 0.00
166.0 669.0 0.00 0.00
252.0 669.0 0.00 0.00
603.0 669.0 0.00 0.00
719.0 669.0 0.00 0.00
724.0 669.0 0.00 0.00
749.0 669.0 0.00 0.00
794.0 669.0 0.00 0.00
986.0 669.0 0.00 0.00
233.0 670.0 0.00 0.00
247.0 670.0 0.00 0.00
713.0 670.0 0.00 0.00
829.0 670.0 0.00 0.00
995.0 670.0 0.00 0.00
8.0 671.0 0.00 0.00
30.0 671.0 0.00 0.00
95.0 671.0 0.00 0.00
143.0 671.0 0.00 0.00
148.0 671.0 0.00 0.00
332.0 671.0 0.00 0.00
363.0 671.0 0.00 0.00
453.0 671.0 0.00 0.00
458.0 671.0 0.00 0.00
463.0 671.0 0.00 0.00
495.0 671.0 0.00 0.00
501.0 671.0 0.00 0.00
559.0 671.0 0.00 0.00
595.0 671.0 0.00 0.00
686.0 671.0 0.00 0.00
703.0 671.0 0.00 0.00
708.0 671.0 0.00 0.00
754.0 671.0 0.00 0.00
763.0 671.0 0.00 0.00
768.0 671.0 0.00 0.00
810.0 671.0 0.00 0.00
884.0 671.0 0.00 0.00
1007.0 671.0 0.00 0.00
