4343 128
853.0 8.0 0.00 0.00
704.0 33.0 0.00 0.00
660.0 58.0 0.00 0.00
665.0 59.0 0.00 0.00
673.0 59.0 0.00 0.00
679.0 59.0 0.00 0.00
684.0 60.0 0.00 0.00
631.0 63.0 0.00 0.00
646.0 63.0 0.00 0.00
651.0 63.0 0.00 0.00
656.0 63.0 0.00 0.00
626.0 64.0 0.00 0.00
616.0 66.0 0.00 0.00
605.0 67.0 0.00 0.00
698.0 67.0 0.00 0.00
574.0 70.0 0.00 0.00
579.0 70.0 0.00 0.00
588.0 70.0 0.00 0.00
594.0 70.0 0.00 0.00
569.0 71.0 0.00 0.00
688.0 71.0 0.00 0.00
708.0 71.0 0.00 0.00
640.0 72.0 0.00 0.00
646.0 73.0 0.00 0.00
717.0 73.0 0.00 0.00
656.0 74.0 0.00 0.00
617.0 75.0 0.00 0.00
606.0 76.0 0.00 0.00
611.0 76.0 0.00 0.00
565.0 79.0 0.00 0.00
664.0 79.0 0.00 0.00
560.0 80.0 0.00 0.00
618.0 80.0 0.00 0.00
646.0 80.0 0.00 0.00
747.0 80.0 0.00 0.00
712.0 81.0 0.00 0.00
753.0 81.0 0.00 0.00
581.0 82.0 0.00 0.00
724.0 82.0 0.00 0.00
740.0 82.0 0.00 0.00
758.0 83.0 0.00 0.00
549.0 85.0 0.00 0.00
618.0 85.0 0.00 0.00
645.0 85.0 0.00 0.00
706.0 85.0 0.00 0.00
711.0 86.0 0.00 0.00
701.0 88.0 0.00 0.00
1010.0 88.0 0.00 0.00
1015.0 88.0 0.00 0.00
542.0 89.0 0.00 0.00
556.0 89.0 0.00 0.00
650.0 89.0 0.00 0.00
655.0 89.0 0.00 0.00
683.0 90.0 0.00 0.00
537.0 91.0 0.00 0.00
565.0 91.0 0.00 0.00
627.0 91.0 0.00 0.00
642.0 92.0 0.00 0.00
759.0 92.0 0.00 0.00
1006.0 93.0 0.00 0.00
556.0 94.0 0.00 0.00
579.0 94.0 0.00 0.00
612.0 94.0 0.00 0.00
584.0 95.0 0.00 0.00
589.0 95.0 0.00 0.00
595.0 95.0 0.00 0.00
693.0 95.0 0.00 0.00
565.0 96.0 0.00 0.00
688.0 96.0 0.00 0.00
717.0 96.0 0.00 0.00
551.0 98.0 0.00 0.00
606.0 98.0 0.00 0.00
762.0 98.0 0.00 0.00
767.0 98.0 0.00 0.00
700.0 99.0 0.00 0.00
1000.0 99.0 0.00 0.00
525.0 100.0 0.00 0.00
636.0 100.0 0.00 0.00
671.0 100.0 0.00 0.00
705.0 100.0 0.00 0.00
773.0 100.0 0.00 0.00
778.0 101.0 0.00 0.00
986.0 101.0 0.00 0.00
631.0 102.0 0.00 0.00
995.0 102.0 0.00 0.00
571.0 103.0 0.00 0.00
605.0 103.0 0.00 0.00
762.0 103.0 0.00 0.00
801.0 103.0 0.00 0.00
565.0 104.0 0.00 0.00
646.0 104.0 0.00 0.00
660.0 104.0 0.00 0.00
752.0 104.0 0.00 0.00
784.0 104.0 0.00 0.00
1000.0 104.0 0.00 0.00
514.0 105.0 0.00 0.00
721.0 105.0 0.00 0.00
789.0 105.0 0.00 0.00
959.0 105.0 0.00 0.00
968.0 105.0 0.00 0.00
973.0 105.0 0.00 0.00
593.0 106.0 0.00 0.00
598.0 106.0 0.00 0.00
558.0 107.0 0.00 0.00
578.0 107.0 0.00 0.00
611.0 108.0 0.00 0.00
804.0 108.0 0.00 0.00
809.0 108.0 0.00 0.00
565.0 109.0 0.00 0.00
951.0 109.0 0.00 0.00
545.0 110.0 0.00 0.00
550.0 110.0 0.00 0.00
624.0 110.0 0.00 0.00
629.0 110.0 0.00 0.00
638.0 110.0 0.00 0.00
977.0 110.0 0.00 0.00
655.0 111.0 0.00 0.00
988.0 111.0 0.00 0.00
1001.0 111.0 0.00 0.00
507.0 112.0 0.00 0.00
539.0 112.0 0.00 0.00
726.0 112.0 0.00 0.00
746.0 112.0 0.00 0.00
791.0 112.0 0.00 0.00
946.0 112.0 0.00 0.00
967.0 112.0 0.00 0.00
502.0 113.0 0.00 0.00
590.0 113.0 0.00 0.00
668.0 113.0 0.00 0.00
780.0 113.0 0.00 0.00
610.0 114.0 0.00 0.00
683.0 114.0 0.00 0.00
815.0 114.0 0.00 0.00
491.0 115.0 0.00 0.00
770.0 115.0 0.00 0.00
496.0 116.0 0.00 0.00
1001.0 116.0 0.00 0.00
1006.0 116.0 0.00 0.00
570.0 117.0 0.00 0.00
963.0 117.0 0.00 0.00
481.0 118.0 0.00 0.00
699.0 118.0 0.00 0.00
714.0 118.0 0.00 0.00
780.0 118.0 0.00 0.00
785.0 118.0 0.00 0.00
941.0 118.0 0.00 0.00
526.0 119.0 0.00 0.00
544.0 119.0 0.00 0.00
610.0 119.0 0.00 0.00
803.0 119.0 0.00 0.00
808.0 119.0 0.00 0.00
924.0 119.0 0.00 0.00
733.0 120.0 0.00 0.00
823.0 120.0 0.00 0.00
953.0 120.0 0.00 0.00
633.0 121.0 0.00 0.00
728.0 121.0 0.00 0.00
738.0 121.0 0.00 0.00
919.0 121.0 0.00 0.00
933.0 121.0 0.00 0.00
623.0 122.0 0.00 0.00
628.0 122.0 0.00 0.00
654.0 122.0 0.00 0.00
973.0 122.0 0.00 0.00
570.0 123.0 0.00 0.00
575.0 123.0 0.00 0.00
696.0 123.0 0.00 0.00
712.0 123.0 0.00 0.00
781.0 123.0 0.00 0.00
682.0 124.0 0.00 0.00
687.0 124.0 0.00 0.00
743.0 124.0 0.00 0.00
800.0 124.0 0.00 0.00
914.0 124.0 0.00 0.00
981.0 124.0 0.00 0.00
1000.0 124.0 0.00 0.00
1008.0 124.0 0.00 0.00
1013.0 124.0 0.00 0.00
472.0 125.0 0.00 0.00
502.0 125.0 0.00 0.00
600.0 125.0 0.00 0.00
764.0 125.0 0.00 0.00
560.0 126.0 0.00 0.00
592.0 126.0 0.00 0.00
830.0 126.0 0.00 0.00
931.0 126.0 0.00 0.00
545.0 127.0 0.00 0.00
550.0 127.0 0.00 0.00
585.0 127.0 0.00 0.00
751.0 127.0 0.00 0.00
936.0 127.0 0.00 0.00
976.0 127.0 0.00 0.00
487.0 128.0 0.00 0.00
509.0 128.0 0.00 0.00
580.0 128.0 0.00 0.00
705.0 128.0 0.00 0.00
712.0 128.0 0.00 0.00
733.0 128.0 0.00 0.00
813.0 128.0 0.00 0.00
520.0 129.0 0.00 0.00
777.0 129.0 0.00 0.00
782.0 129.0 0.00 0.00
787.0 129.0 0.00 0.00
945.0 129.0 0.00 0.00
971.0 129.0 0.00 0.00
515.0 130.0 0.00 0.00
838.0 130.0 0.00 0.00
525.0 131.0 0.00 0.00
855.0 131.0 0.00 0.00
908.0 131.0 0.00 0.00
530.0 132.0 0.00 0.00
557.0 132.0 0.00 0.00
895.0 132.0 0.00 0.00
930.0 132.0 0.00 0.00
976.0 132.0 0.00 0.00
464.0 133.0 0.00 0.00
572.0 133.0 0.00 0.00
733.0 133.0 0.00 0.00
961.0 133.0 0.00 0.00
966.0 133.0 0.00 0.00
520.0 134.0 0.00 0.00
567.0 134.0 0.00 0.00
770.0 134.0 0.00 0.00
860.0 134.0 0.00 0.00
945.0 134.0 0.00 0.00
971.0 134.0 0.00 0.00
515.0 135.0 0.00 0.00
759.0 135.0 0.00 0.00
903.0 135.0 0.00 0.00
981.0 135.0 0.00 0.00
992.0 135.0 0.00 0.00
494.0 136.0 0.00 0.00
814.0 136.0 0.00 0.00
886.0 136.0 0.00 0.00
997.0 136.0 0.00 0.00
473.0 137.0 0.00 0.00
507.0 137.0 0.00 0.00
532.0 137.0 0.00 0.00
537.0 137.0 0.00 0.00
976.0 137.0 0.00 0.00
323.0 138.0 0.00 0.00
940.0 138.0 0.00 0.00
966.0 138.0 0.00 0.00
316.0 139.0 0.00 0.00
560.0 139.0 0.00 0.00
741.0 139.0 0.00 0.00
767.0 139.0 0.00 0.00
918.0 139.0 0.00 0.00
947.0 139.0 0.00 0.00
309.0 140.0 0.00 0.00
489.0 140.0 0.00 0.00
515.0 140.0 0.00 0.00
555.0 140.0 0.00 0.00
795.0 140.0 0.00 0.00
867.0 140.0 0.00 0.00
956.0 140.0 0.00 0.00
332.0 141.0 0.00 0.00
339.0 141.0 0.00 0.00
454.0 141.0 0.00 0.00
746.0 141.0 0.00 0.00
778.0 141.0 0.00 0.00
790.0 141.0 0.00 0.00
877.0 141.0 0.00 0.00
888.0 141.0 0.00 0.00
985.0 141.0 0.00 0.00
990.0 141.0 0.00 0.00
997.0 141.0 0.00 0.00
345.0 142.0 0.00 0.00
499.0 142.0 0.00 0.00
507.0 142.0 0.00 0.00
762.0 142.0 0.00 0.00
872.0 142.0 0.00 0.00
931.0 142.0 0.00 0.00
979.0 142.0 0.00 0.00
1002.0 142.0 0.00 0.00
352.0 143.0 0.00 0.00
442.0 143.0 0.00 0.00
447.0 143.0 0.00 0.00
528.0 143.0 0.00 0.00
828.0 143.0 0.00 0.00
843.0 143.0 0.00 0.00
897.0 143.0 0.00 0.00
967.0 143.0 0.00 0.00
1008.0 143.0 0.00 0.00
358.0 144.0 0.00 0.00
547.0 145.0 0.00 0.00
907.0 145.0 0.00 0.00
318.0 146.0 0.00 0.00
437.0 146.0 0.00 0.00
452.0 146.0 0.00 0.00
804.0 146.0 0.00 0.00
946.0 146.0 0.00 0.00
306.0 147.0 0.00 0.00
366.0 147.0 0.00 0.00
507.0 147.0 0.00 0.00
447.0 148.0 0.00 0.00
823.0 148.0 0.00 0.00
922.0 148.0 0.00 0.00
927.0 148.0 0.00 0.00
940.0 148.0 0.00 0.00
996.0 148.0 0.00 0.00
348.0 149.0 0.00 0.00
461.0 149.0 0.00 0.00
521.0 149.0 0.00 0.00
762.0 149.0 0.00 0.00
935.0 149.0 0.00 0.00
337.0 150.0 0.00 0.00
343.0 150.0 0.00 0.00
371.0 150.0 0.00 0.00
479.0 150.0 0.00 0.00
902.0 150.0 0.00 0.00
354.0 151.0 0.00 0.00
436.0 151.0 0.00 0.00
452.0 151.0 0.00 0.00
497.0 151.0 0.00 0.00
914.0 151.0 0.00 0.00
945.0 151.0 0.00 0.00
962.0 151.0 0.00 0.00
977.0 151.0 0.00 0.00
385.0 152.0 0.00 0.00
534.0 152.0 0.00 0.00
768.0 152.0 0.00 0.00
799.0 152.0 0.00 0.00
868.0 152.0 0.00 0.00
882.0 152.0 0.00 0.00
893.0 152.0 0.00 0.00
360.0 153.0 0.00 0.00
396.0 153.0 0.00 0.00
835.0 153.0 0.00 0.00
983.0 153.0 0.00 0.00
1012.0 153.0 0.00 0.00
349.0 154.0 0.00 0.00
307.0 155.0 0.00 0.00
475.0 155.0 0.00 0.00
907.0 155.0 0.00 0.00
994.0 155.0 0.00 0.00
315.0 156.0 0.00 0.00
320.0 156.0 0.00 0.00
328.0 156.0 0.00 0.00
775.0 156.0 0.00 0.00
813.0 156.0 0.00 0.00
928.0 156.0 0.00 0.00
940.0 156.0 0.00 0.00
962.0 156.0 0.00 0.00
970.0 156.0 0.00 0.00
299.0 157.0 0.00 0.00
333.0 157.0 0.00 0.00
412.0 157.0 0.00 0.00
506.0 157.0 0.00 0.00
866.0 157.0 0.00 0.00
341.0 158.0 0.00 0.00
466.0 158.0 0.00 0.00
801.0 158.0 0.00 0.00
948.0 158.0 0.00 0.00
365.0 159.0 0.00 0.00
481.0 159.0 0.00 0.00
917.0 159.0 0.00 0.00
486.0 160.0 0.00 0.00
491.0 160.0 0.00 0.00
904.0 160.0 0.00 0.00
909.0 160.0 0.00 0.00
352.0 161.0 0.00 0.00
421.0 161.0 0.00 0.00
956.0 161.0 0.00 0.00
334.0 162.0 0.00 0.00
426.0 162.0 0.00 0.00
431.0 162.0 0.00 0.00
518.0 162.0 0.00 0.00
877.0 162.0 0.00 0.00
961.0 162.0 0.00 0.00
294.0 163.0 0.00 0.00
370.0 163.0 0.00 0.00
388.0 163.0 0.00 0.00
784.0 163.0 0.00 0.00
800.0 163.0 0.00 0.00
844.0 163.0 0.00 0.00
923.0 163.0 0.00 0.00
1005.0 163.0 0.00 0.00
375.0 164.0 0.00 0.00
459.0 164.0 0.00 0.00
513.0 164.0 0.00 0.00
818.0 164.0 0.00 0.00
892.0 164.0 0.00 0.00
915.0 164.0 0.00 0.00
401.0 165.0 0.00 0.00
835.0 165.0 0.00 0.00
1014.0 165.0 0.00 0.00
306.0 166.0 0.00 0.00
352.0 166.0 0.00 0.00
939.0 166.0 0.00 0.00
944.0 166.0 0.00 0.00
966.0 166.0 0.00 0.00
971.0 166.0 0.00 0.00
976.0 166.0 0.00 0.00
333.0 167.0 0.00 0.00
357.0 167.0 0.00 0.00
928.0 167.0 0.00 0.00
488.0 168.0 0.00 0.00
776.0 168.0 0.00 0.00
320.0 169.0 0.00 0.00
380.0 169.0 0.00 0.00
901.0 169.0 0.00 0.00
908.0 169.0 0.00 0.00
913.0 169.0 0.00 0.00
263.0 170.0 0.00 0.00
831.0 170.0 0.00 0.00
879.0 170.0 0.00 0.00
287.0 171.0 0.00 0.00
292.0 171.0 0.00 0.00
344.0 171.0 0.00 0.00
349.0 171.0 0.00 0.00
808.0 171.0 0.00 0.00
869.0 171.0 0.00 0.00
874.0 171.0 0.00 0.00
938.0 171.0 0.00 0.00
966.0 171.0 0.00 0.00
276.0 172.0 0.00 0.00
282.0 172.0 0.00 0.00
301.0 172.0 0.00 0.00
338.0 172.0 0.00 0.00
359.0 172.0 0.00 0.00
424.0 172.0 0.00 0.00
799.0 172.0 0.00 0.00
928.0 172.0 0.00 0.00
1006.0 172.0 0.00 0.00
311.0 173.0 0.00 0.00
776.0 173.0 0.00 0.00
918.0 173.0 0.00 0.00
1015.0 173.0 0.00 0.00
248.0 174.0 0.00 0.00
253.0 174.0 0.00 0.00
306.0 174.0 0.00 0.00
379.0 174.0 0.00 0.00
396.0 174.0 0.00 0.00
891.0 174.0 0.00 0.00
241.0 175.0 0.00 0.00
330.0 176.0 0.00 0.00
353.0 176.0 0.00 0.00
418.0 176.0 0.00 0.00
498.0 176.0 0.00 0.00
835.0 176.0 0.00 0.00
840.0 176.0 0.00 0.00
858.0 176.0 0.00 0.00
466.0 177.0 0.00 0.00
928.0 177.0 0.00 0.00
955.0 177.0 0.00 0.00
964.0 177.0 0.00 0.00
1005.0 177.0 0.00 0.00
363.0 178.0 0.00 0.00
997.0 178.0 0.00 0.00
215.0 179.0 0.00 0.00
224.0 179.0 0.00 0.00
382.0 179.0 0.00 0.00
202.0 180.0 0.00 0.00
358.0 180.0 0.00 0.00
172.0 181.0 0.00 0.00
177.0 181.0 0.00 0.00
184.0 181.0 0.00 0.00
189.0 181.0 0.00 0.00
268.0 181.0 0.00 0.00
303.0 181.0 0.00 0.00
329.0 181.0 0.00 0.00
334.0 181.0 0.00 0.00
339.0 181.0 0.00 0.00
820.0 181.0 0.00 0.00
160.0 182.0 0.00 0.00
166.0 182.0 0.00 0.00
210.0 182.0 0.00 0.00
291.0 182.0 0.00 0.00
368.0 182.0 0.00 0.00
492.0 182.0 0.00 0.00
808.0 182.0 0.00 0.00
844.0 182.0 0.00 0.00
921.0 182.0 0.00 0.00
930.0 182.0 0.00 0.00
964.0 182.0 0.00 0.00
152.0 183.0 0.00 0.00
257.0 183.0 0.00 0.00
280.0 183.0 0.00 0.00
314.0 183.0 0.00 0.00
344.0 183.0 0.00 0.00
351.0 183.0 0.00 0.00
936.0 183.0 0.00 0.00
123.0 184.0 0.00 0.00
146.0 184.0 0.00 0.00
245.0 184.0 0.00 0.00
275.0 184.0 0.00 0.00
285.0 184.0 0.00 0.00
911.0 184.0 0.00 0.00
941.0 184.0 0.00 0.00
116.0 185.0 0.00 0.00
128.0 185.0 0.00 0.00
135.0 185.0 0.00 0.00
141.0 185.0 0.00 0.00
839.0 185.0 0.00 0.00
270.0 186.0 0.00 0.00
323.0 186.0 0.00 0.00
407.0 186.0 0.00 0.00
239.0 187.0 0.00 0.00
309.0 187.0 0.00 0.00
363.0 187.0 0.00 0.00
964.0 187.0 0.00 0.00
104.0 188.0 0.00 0.00
109.0 188.0 0.00 0.00
346.0 188.0 0.00 0.00
375.0 188.0 0.00 0.00
447.0 188.0 0.00 0.00
251.0 189.0 0.00 0.00
455.0 189.0 0.00 0.00
485.0 189.0 0.00 0.00
896.0 189.0 0.00 0.00
901.0 189.0 0.00 0.00
921.0 189.0 0.00 0.00
141.0 190.0 0.00 0.00
163.0 190.0 0.00 0.00
224.0 190.0 0.00 0.00
283.0 190.0 0.00 0.00
332.0 190.0 0.00 0.00
384.0 190.0 0.00 0.00
816.0 190.0 0.00 0.00
829.0 190.0 0.00 0.00
891.0 190.0 0.00 0.00
175.0 191.0 0.00 0.00
192.0 191.0 0.00 0.00
262.0 191.0 0.00 0.00
267.0 191.0 0.00 0.00
296.0 191.0 0.00 0.00
467.0 191.0 0.00 0.00
907.0 191.0 0.00 0.00
1000.0 191.0 0.00 0.00
151.0 192.0 0.00 0.00
201.0 192.0 0.00 0.00
206.0 192.0 0.00 0.00
211.0 192.0 0.00 0.00
362.0 192.0 0.00 0.00
100.0 193.0 0.00 0.00
256.0 193.0 0.00 0.00
309.0 193.0 0.00 0.00
345.0 193.0 0.00 0.00
353.0 193.0 0.00 0.00
431.0 193.0 0.00 0.00
844.0 193.0 0.00 0.00
934.0 193.0 0.00 0.00
982.0 193.0 0.00 0.00
987.0 193.0 0.00 0.00
992.0 193.0 0.00 0.00
126.0 194.0 0.00 0.00
250.0 194.0 0.00 0.00
866.0 194.0 0.00 0.00
871.0 194.0 0.00 0.00
876.0 194.0 0.00 0.00
922.0 194.0 0.00 0.00
977.0 194.0 0.00 0.00
320.0 195.0 0.00 0.00
501.0 195.0 0.00 0.00
235.0 196.0 0.00 0.00
261.0 196.0 0.00 0.00
297.0 196.0 0.00 0.00
911.0 196.0 0.00 0.00
972.0 196.0 0.00 0.00
998.0 196.0 0.00 0.00
137.0 197.0 0.00 0.00
146.0 197.0 0.00 0.00
200.0 197.0 0.00 0.00
278.0 197.0 0.00 0.00
362.0 197.0 0.00 0.00
1003.0 197.0 0.00 0.00
155.0 198.0 0.00 0.00
256.0 198.0 0.00 0.00
478.0 198.0 0.00 0.00
851.0 198.0 0.00 0.00
1008.0 198.0 0.00 0.00
106.0 199.0 0.00 0.00
125.0 199.0 0.00 0.00
167.0 199.0 0.00 0.00
172.0 199.0 0.00 0.00
178.0 199.0 0.00 0.00
270.0 199.0 0.00 0.00
302.0 199.0 0.00 0.00
544.0 199.0 0.00 0.00
962.0 199.0 0.00 0.00
967.0 199.0 0.00 0.00
1013.0 199.0 0.00 0.00
383.0 200.0 0.00 0.00
887.0 200.0 0.00 0.00
931.0 200.0 0.00 0.00
265.0 201.0 0.00 0.00
294.0 201.0 0.00 0.00
327.0 201.0 0.00 0.00
338.0 201.0 0.00 0.00
357.0 201.0 0.00 0.00
487.0 201.0 0.00 0.00
492.0 201.0 0.00 0.00
874.0 201.0 0.00 0.00
198.0 202.0 0.00 0.00
223.0 202.0 0.00 0.00
230.0 202.0 0.00 0.00
289.0 202.0 0.00 0.00
394.0 202.0 0.00 0.00
841.0 202.0 0.00 0.00
975.0 202.0 0.00 0.00
130.0 203.0 0.00 0.00
218.0 203.0 0.00 0.00
284.0 203.0 0.00 0.00
313.0 203.0 0.00 0.00
442.0 203.0 0.00 0.00
922.0 203.0 0.00 0.00
940.0 203.0 0.00 0.00
951.0 203.0 0.00 0.00
980.0 203.0 0.00 0.00
88.0 204.0 0.00 0.00
116.0 204.0 0.00 0.00
168.0 204.0 0.00 0.00
173.0 204.0 0.00 0.00
179.0 204.0 0.00 0.00
204.0 204.0 0.00 0.00
210.0 204.0 0.00 0.00
303.0 204.0 0.00 0.00
346.0 204.0 0.00 0.00
365.0 204.0 0.00 0.00
988.0 204.0 0.00 0.00
163.0 205.0 0.00 0.00
247.0 205.0 0.00 0.00
384.0 205.0 0.00 0.00
136.0 206.0 0.00 0.00
154.0 206.0 0.00 0.00
252.0 206.0 0.00 0.00
260.0 206.0 0.00 0.00
432.0 206.0 0.00 0.00
831.0 206.0 0.00 0.00
874.0 206.0 0.00 0.00
935.0 206.0 0.00 0.00
1005.0 206.0 0.00 0.00
141.0 207.0 0.00 0.00
239.0 207.0 0.00 0.00
265.0 207.0 0.00 0.00
495.0 207.0 0.00 0.00
857.0 207.0 0.00 0.00
975.0 207.0 0.00 0.00
108.0 208.0 0.00 0.00
194.0 208.0 0.00 0.00
312.0 208.0 0.00 0.00
326.0 208.0 0.00 0.00
437.0 208.0 0.00 0.00
954.0 208.0 0.00 0.00
959.0 208.0 0.00 0.00
123.0 209.0 0.00 0.00
168.0 209.0 0.00 0.00
270.0 209.0 0.00 0.00
392.0 209.0 0.00 0.00
422.0 209.0 0.00 0.00
508.0 209.0 0.00 0.00
921.0 209.0 0.00 0.00
152.0 211.0 0.00 0.00
338.0 211.0 0.00 0.00
362.0 211.0 0.00 0.00
444.0 211.0 0.00 0.00
500.0 211.0 0.00 0.00
933.0 211.0 0.00 0.00
1000.0 211.0 0.00 0.00
1005.0 211.0 0.00 0.00
283.0 212.0 0.00 0.00
848.0 212.0 0.00 0.00
200.0 213.0 0.00 0.00
295.0 213.0 0.00 0.00
326.0 213.0 0.00 0.00
450.0 213.0 0.00 0.00
861.0 213.0 0.00 0.00
907.0 213.0 0.00 0.00
949.0 213.0 0.00 0.00
966.0 213.0 0.00 0.00
93.0 214.0 0.00 0.00
167.0 214.0 0.00 0.00
224.0 214.0 0.00 0.00
254.0 214.0 0.00 0.00
259.0 214.0 0.00 0.00
307.0 214.0 0.00 0.00
400.0 214.0 0.00 0.00
348.0 215.0 0.00 0.00
367.0 215.0 0.00 0.00
372.0 215.0 0.00 0.00
938.0 215.0 0.00 0.00
943.0 215.0 0.00 0.00
1013.0 215.0 0.00 0.00
139.0 216.0 0.00 0.00
144.0 216.0 0.00 0.00
338.0 216.0 0.00 0.00
343.0 216.0 0.00 0.00
459.0 216.0 0.00 0.00
501.0 216.0 0.00 0.00
839.0 216.0 0.00 0.00
975.0 216.0 0.00 0.00
117.0 217.0 0.00 0.00
134.0 217.0 0.00 0.00
153.0 217.0 0.00 0.00
176.0 217.0 0.00 0.00
240.0 217.0 0.00 0.00
267.0 217.0 0.00 0.00
353.0 217.0 0.00 0.00
921.0 217.0 0.00 0.00
1007.0 217.0 0.00 0.00
127.0 218.0 0.00 0.00
326.0 218.0 0.00 0.00
861.0 218.0 0.00 0.00
997.0 218.0 0.00 0.00
93.0 219.0 0.00 0.00
181.0 219.0 0.00 0.00
262.0 219.0 0.00 0.00
289.0 219.0 0.00 0.00
298.0 219.0 0.00 0.00
358.0 219.0 0.00 0.00
432.0 219.0 0.00 0.00
488.0 219.0 0.00 0.00
515.0 219.0 0.00 0.00
218.0 220.0 0.00 0.00
231.0 220.0 0.00 0.00
314.0 220.0 0.00 0.00
375.0 220.0 0.00 0.00
483.0 220.0 0.00 0.00
496.0 220.0 0.00 0.00
509.0 220.0 0.00 0.00
886.0 220.0 0.00 0.00
958.0 220.0 0.00 0.00
984.0 220.0 0.00 0.00
279.0 221.0 0.00 0.00
468.0 221.0 0.00 0.00
943.0 221.0 0.00 0.00
116.0 222.0 0.00 0.00
353.0 222.0 0.00 0.00
541.0 222.0 0.00 0.00
841.0 222.0 0.00 0.00
949.0 222.0 0.00 0.00
104.0 223.0 0.00 0.00
252.0 223.0 0.00 0.00
272.0 223.0 0.00 0.00
306.0 223.0 0.00 0.00
327.0 223.0 0.00 0.00
333.0 223.0 0.00 0.00
441.0 223.0 0.00 0.00
907.0 223.0 0.00 0.00
971.0 223.0 0.00 0.00
1002.0 223.0 0.00 0.00
1007.0 223.0 0.00 0.00
93.0 224.0 0.00 0.00
182.0 224.0 0.00 0.00
288.0 224.0 0.00 0.00
293.0 224.0 0.00 0.00
301.0 224.0 0.00 0.00
413.0 224.0 0.00 0.00
1014.0 224.0 0.00 0.00
111.0 225.0 0.00 0.00
172.0 226.0 0.00 0.00
193.0 226.0 0.00 0.00
198.0 226.0 0.00 0.00
283.0 226.0 0.00 0.00
314.0 226.0 0.00 0.00
452.0 226.0 0.00 0.00
550.0 226.0 0.00 0.00
866.0 226.0 0.00 0.00
322.0 227.0 0.00 0.00
352.0 227.0 0.00 0.00
394.0 227.0 0.00 0.00
505.0 227.0 0.00 0.00
950.0 227.0 0.00 0.00
991.0 227.0 0.00 0.00
997.0 227.0 0.00 0.00
137.0 228.0 0.00 0.00
244.0 228.0 0.00 0.00
479.0 228.0 0.00 0.00
533.0 228.0 0.00 0.00
922.0 228.0 0.00 0.00
932.0 228.0 0.00 0.00
962.0 228.0 0.00 0.00
122.0 229.0 0.00 0.00
153.0 229.0 0.00 0.00
226.0 229.0 0.00 0.00
276.0 229.0 0.00 0.00
301.0 229.0 0.00 0.00
524.0 229.0 0.00 0.00
847.0 229.0 0.00 0.00
1013.0 229.0 0.00 0.00
188.0 230.0 0.00 0.00
231.0 230.0 0.00 0.00
309.0 230.0 0.00 0.00
489.0 230.0 0.00 0.00
236.0 231.0 0.00 0.00
267.0 231.0 0.00 0.00
314.0 231.0 0.00 0.00
331.0 231.0 0.00 0.00
563.0 231.0 0.00 0.00
891.0 231.0 0.00 0.00
896.0 231.0 0.00 0.00
975.0 231.0 0.00 0.00
94.0 232.0 0.00 0.00
262.0 232.0 0.00 0.00
288.0 232.0 0.00 0.00
326.0 232.0 0.00 0.00
338.0 232.0 0.00 0.00
378.0 232.0 0.00 0.00
884.0 232.0 0.00 0.00
991.0 232.0 0.00 0.00
163.0 233.0 0.00 0.00
174.0 233.0 0.00 0.00
206.0 233.0 0.00 0.00
296.0 233.0 0.00 0.00
533.0 233.0 0.00 0.00
901.0 233.0 0.00 0.00
946.0 233.0 0.00 0.00
221.0 234.0 0.00 0.00
461.0 234.0 0.00 0.00
538.0 234.0 0.00 0.00
1010.0 234.0 0.00 0.00
1015.0 234.0 0.00 0.00
130.0 235.0 0.00 0.00
135.0 235.0 0.00 0.00
349.0 235.0 0.00 0.00
387.0 235.0 0.00 0.00
547.0 235.0 0.00 0.00
983.0 235.0 0.00 0.00
997.0 235.0 0.00 0.00
100.0 236.0 0.00 0.00
235.0 236.0 0.00 0.00
906.0 236.0 0.00 0.00
919.0 236.0 0.00 0.00
261.0 237.0 0.00 0.00
326.0 237.0 0.00 0.00
474.0 237.0 0.00 0.00
884.0 237.0 0.00 0.00
932.0 237.0 0.00 0.00
966.0 237.0 0.00 0.00
279.0 238.0 0.00 0.00
405.0 238.0 0.00 0.00
412.0 238.0 0.00 0.00
448.0 238.0 0.00 0.00
496.0 238.0 0.00 0.00
532.0 238.0 0.00 0.00
565.0 238.0 0.00 0.00
570.0 238.0 0.00 0.00
939.0 238.0 0.00 0.00
946.0 238.0 0.00 0.00
200.0 239.0 0.00 0.00
316.0 239.0 0.00 0.00
506.0 239.0 0.00 0.00
515.0 239.0 0.00 0.00
575.0 239.0 0.00 0.00
874.0 239.0 0.00 0.00
988.0 239.0 0.00 0.00
221.0 240.0 0.00 0.00
341.0 240.0 0.00 0.00
357.0 240.0 0.00 0.00
363.0 240.0 0.00 0.00
544.0 240.0 0.00 0.00
147.0 241.0 0.00 0.00
235.0 241.0 0.00 0.00
240.0 241.0 0.00 0.00
245.0 241.0 0.00 0.00
374.0 241.0 0.00 0.00
1000.0 241.0 0.00 0.00
135.0 242.0 0.00 0.00
188.0 242.0 0.00 0.00
228.0 242.0 0.00 0.00
261.0 242.0 0.00 0.00
299.0 242.0 0.00 0.00
962.0 242.0 0.00 0.00
967.0 242.0 0.00 0.00
1010.0 242.0 0.00 0.00
156.0 243.0 0.00 0.00
327.0 243.0 0.00 0.00
558.0 243.0 0.00 0.00
887.0 243.0 0.00 0.00
165.0 244.0 0.00 0.00
172.0 244.0 0.00 0.00
275.0 244.0 0.00 0.00
423.0 244.0 0.00 0.00
857.0 244.0 0.00 0.00
902.0 244.0 0.00 0.00
987.0 244.0 0.00 0.00
336.0 245.0 0.00 0.00
341.0 245.0 0.00 0.00
354.0 245.0 0.00 0.00
529.0 245.0 0.00 0.00
534.0 245.0 0.00 0.00
897.0 245.0 0.00 0.00
956.0 245.0 0.00 0.00
147.0 246.0 0.00 0.00
220.0 246.0 0.00 0.00
399.0 246.0 0.00 0.00
473.0 246.0 0.00 0.00
932.0 246.0 0.00 0.00
946.0 246.0 0.00 0.00
951.0 246.0 0.00 0.00
975.0 246.0 0.00 0.00
1000.0 246.0 0.00 0.00
103.0 247.0 0.00 0.00
135.0 247.0 0.00 0.00
177.0 247.0 0.00 0.00
384.0 247.0 0.00 0.00
541.0 247.0 0.00 0.00
892.0 247.0 0.00 0.00
182.0 248.0 0.00 0.00
193.0 248.0 0.00 0.00
198.0 248.0 0.00 0.00
347.0 248.0 0.00 0.00
922.0 248.0 0.00 0.00
927.0 248.0 0.00 0.00
962.0 248.0 0.00 0.00
967.0 248.0 0.00 0.00
1010.0 248.0 0.00 0.00
152.0 249.0 0.00 0.00
157.0 249.0 0.00 0.00
238.0 249.0 0.00 0.00
258.0 249.0 0.00 0.00
312.0 249.0 0.00 0.00
442.0 249.0 0.00 0.00
916.0 249.0 0.00 0.00
229.0 250.0 0.00 0.00
243.0 250.0 0.00 0.00
253.0 250.0 0.00 0.00
263.0 250.0 0.00 0.00
268.0 250.0 0.00 0.00
317.0 250.0 0.00 0.00
522.0 250.0 0.00 0.00
533.0 250.0 0.00 0.00
576.0 250.0 0.00 0.00
957.0 250.0 0.00 0.00
115.0 251.0 0.00 0.00
209.0 251.0 0.00 0.00
248.0 251.0 0.00 0.00
322.0 251.0 0.00 0.00
509.0 251.0 0.00 0.00
565.0 251.0 0.00 0.00
163.0 252.0 0.00 0.00
327.0 252.0 0.00 0.00
334.0 252.0 0.00 0.00
500.0 252.0 0.00 0.00
110.0 253.0 0.00 0.00
191.0 253.0 0.00 0.00
284.0 253.0 0.00 0.00
552.0 253.0 0.00 0.00
941.0 253.0 0.00 0.00
984.0 253.0 0.00 0.00
312.0 254.0 0.00 0.00
538.0 254.0 0.00 0.00
558.0 254.0 0.00 0.00
593.0 254.0 0.00 0.00
83.0 255.0 0.00 0.00
132.0 255.0 0.00 0.00
267.0 255.0 0.00 0.00
304.0 255.0 0.00 0.00
348.0 255.0 0.00 0.00
466.0 255.0 0.00 0.00
533.0 255.0 0.00 0.00
861.0 255.0 0.00 0.00
875.0 255.0 0.00 0.00
898.0 255.0 0.00 0.00
903.0 255.0 0.00 0.00
958.0 255.0 0.00 0.00
220.0 256.0 0.00 0.00
229.0 256.0 0.00 0.00
248.0 256.0 0.00 0.00
293.0 256.0 0.00 0.00
322.0 256.0 0.00 0.00
405.0 256.0 0.00 0.00
163.0 257.0 0.00 0.00
258.0 257.0 0.00 0.00
272.0 257.0 0.00 0.00
357.0 257.0 0.00 0.00
451.0 257.0 0.00 0.00
974.0 257.0 0.00 0.00
104.0 258.0 0.00 0.00
109.0 258.0 0.00 0.00
115.0 258.0 0.00 0.00
151.0 258.0 0.00 0.00
191.0 258.0 0.00 0.00
364.0 258.0 0.00 0.00
369.0 258.0 0.00 0.00
378.0 258.0 0.00 0.00
437.0 258.0 0.00 0.00
506.0 258.0 0.00 0.00
936.0 258.0 0.00 0.00
986.0 258.0 0.00 0.00
1003.0 258.0 0.00 0.00
140.0 259.0 0.00 0.00
236.0 260.0 0.00 0.00
304.0 260.0 0.00 0.00
571.0 260.0 0.00 0.00
584.0 260.0 0.00 0.00
886.0 260.0 0.00 0.00
944.0 260.0 0.00 0.00
949.0 260.0 0.00 0.00
955.0 260.0 0.00 0.00
1012.0 260.0 0.00 0.00
96.0 261.0 0.00 0.00
201.0 261.0 0.00 0.00
220.0 261.0 0.00 0.00
230.0 261.0 0.00 0.00
249.0 261.0 0.00 0.00
299.0 261.0 0.00 0.00
332.0 261.0 0.00 0.00
337.0 261.0 0.00 0.00
388.0 261.0 0.00 0.00
540.0 261.0 0.00 0.00
545.0 261.0 0.00 0.00
561.0 261.0 0.00 0.00
177.0 262.0 0.00 0.00
272.0 262.0 0.00 0.00
552.0 262.0 0.00 0.00
600.0 262.0 0.00 0.00
864.0 262.0 0.00 0.00
905.0 262.0 0.00 0.00
518.0 263.0 0.00 0.00
523.0 263.0 0.00 0.00
529.0 263.0 0.00 0.00
986.0 263.0 0.00 0.00
20.0 264.0 0.00 0.00
71.0 264.0 0.00 0.00
117.0 264.0 0.00 0.00
140.0 264.0 0.00 0.00
163.0 264.0 0.00 0.00
513.0 264.0 0.00 0.00
962.0 264.0 0.00 0.00
991.0 264.0 0.00 0.00
996.0 264.0 0.00 0.00
157.0 265.0 0.00 0.00
450.0 265.0 0.00 0.00
943.0 265.0 0.00 0.00
973.0 265.0 0.00 0.00
132.0 266.0 0.00 0.00
152.0 266.0 0.00 0.00
186.0 266.0 0.00 0.00
505.0 266.0 0.00 0.00
929.0 266.0 0.00 0.00
968.0 266.0 0.00 0.00
979.0 266.0 0.00 0.00
172.0 267.0 0.00 0.00
299.0 267.0 0.00 0.00
304.0 267.0 0.00 0.00
311.0 267.0 0.00 0.00
407.0 267.0 0.00 0.00
456.0 267.0 0.00 0.00
469.0 267.0 0.00 0.00
866.0 267.0 0.00 0.00
904.0 267.0 0.00 0.00
1003.0 267.0 0.00 0.00
147.0 268.0 0.00 0.00
235.0 268.0 0.00 0.00
241.0 268.0 0.00 0.00
257.0 268.0 0.00 0.00
267.0 268.0 0.00 0.00
273.0 268.0 0.00 0.00
278.0 268.0 0.00 0.00
292.0 268.0 0.00 0.00
317.0 268.0 0.00 0.00
461.0 268.0 0.00 0.00
587.0 268.0 0.00 0.00
97.0 269.0 0.00 0.00
108.0 269.0 0.00 0.00
221.0 269.0 0.00 0.00
230.0 269.0 0.00 0.00
246.0 269.0 0.00 0.00
287.0 269.0 0.00 0.00
323.0 269.0 0.00 0.00
572.0 269.0 0.00 0.00
990.0 269.0 0.00 0.00
191.0 270.0 0.00 0.00
213.0 270.0 0.00 0.00
338.0 270.0 0.00 0.00
537.0 270.0 0.00 0.00
546.0 270.0 0.00 0.00
555.0 270.0 0.00 0.00
560.0 270.0 0.00 0.00
565.0 270.0 0.00 0.00
921.0 270.0 0.00 0.00
937.0 270.0 0.00 0.00
86.0 271.0 0.00 0.00
186.0 271.0 0.00 0.00
196.0 271.0 0.00 0.00
201.0 271.0 0.00 0.00
206.0 271.0 0.00 0.00
343.0 271.0 0.00 0.00
348.0 271.0 0.00 0.00
356.0 271.0 0.00 0.00
361.0 271.0 0.00 0.00
412.0 271.0 0.00 0.00
979.0 271.0 0.00 0.00
118.0 272.0 0.00 0.00
372.0 272.0 0.00 0.00
881.0 272.0 0.00 0.00
886.0 272.0 0.00 0.00
891.0 272.0 0.00 0.00
964.0 272.0 0.00 0.00
1015.0 272.0 0.00 0.00
76.0 273.0 0.00 0.00
172.0 273.0 0.00 0.00
387.0 273.0 0.00 0.00
532.0 273.0 0.00 0.00
603.0 273.0 0.00 0.00
71.0 274.0 0.00 0.00
134.0 274.0 0.00 0.00
246.0 274.0 0.00 0.00
573.0 274.0 0.00 0.00
869.0 274.0 0.00 0.00
898.0 274.0 0.00 0.00
910.0 274.0 0.00 0.00
950.0 274.0 0.00 0.00
989.0 274.0 0.00 0.00
274.0 275.0 0.00 0.00
403.0 275.0 0.00 0.00
463.0 275.0 0.00 0.00
504.0 275.0 0.00 0.00
411.0 276.0 0.00 0.00
470.0 276.0 0.00 0.00
612.0 276.0 0.00 0.00
997.0 276.0 0.00 0.00
109.0 277.0 0.00 0.00
147.0 277.0 0.00 0.00
167.0 277.0 0.00 0.00
122.0 278.0 0.00 0.00
233.0 278.0 0.00 0.00
251.0 278.0 0.00 0.00
256.0 278.0 0.00 0.00
554.0 278.0 0.00 0.00
560.0 278.0 0.00 0.00
581.0 278.0 0.00 0.00
595.0 278.0 0.00 0.00
929.0 278.0 0.00 0.00
940.0 278.0 0.00 0.00
976.0 278.0 0.00 0.00
80.0 279.0 0.00 0.00
135.0 279.0 0.00 0.00
210.0 279.0 0.00 0.00
220.0 279.0 0.00 0.00
264.0 279.0 0.00 0.00
444.0 279.0 0.00 0.00
547.0 279.0 0.00 0.00
567.0 279.0 0.00 0.00
573.0 279.0 0.00 0.00
898.0 279.0 0.00 0.00
945.0 279.0 0.00 0.00
154.0 280.0 0.00 0.00
159.0 280.0 0.00 0.00
246.0 280.0 0.00 0.00
296.0 280.0 0.00 0.00
431.0 280.0 0.00 0.00
436.0 280.0 0.00 0.00
450.0 280.0 0.00 0.00
462.0 280.0 0.00 0.00
542.0 280.0 0.00 0.00
950.0 280.0 0.00 0.00
971.0 280.0 0.00 0.00
1008.0 280.0 0.00 0.00
21.0 281.0 0.00 0.00
29.0 281.0 0.00 0.00
34.0 281.0 0.00 0.00
176.0 281.0 0.00 0.00
457.0 281.0 0.00 0.00
470.0 281.0 0.00 0.00
506.0 281.0 0.00 0.00
522.0 281.0 0.00 0.00
536.0 281.0 0.00 0.00
16.0 282.0 0.00 0.00
41.0 282.0 0.00 0.00
290.0 282.0 0.00 0.00
512.0 282.0 0.00 0.00
517.0 282.0 0.00 0.00
964.0 282.0 0.00 0.00
74.0 283.0 0.00 0.00
88.0 283.0 0.00 0.00
140.0 283.0 0.00 0.00
148.0 283.0 0.00 0.00
166.0 283.0 0.00 0.00
171.0 283.0 0.00 0.00
358.0 283.0 0.00 0.00
385.0 283.0 0.00 0.00
552.0 283.0 0.00 0.00
560.0 283.0 0.00 0.00
616.0 283.0 0.00 0.00
959.0 283.0 0.00 0.00
993.0 283.0 0.00 0.00
11.0 284.0 0.00 0.00
46.0 284.0 0.00 0.00
480.0 284.0 0.00 0.00
573.0 284.0 0.00 0.00
602.0 284.0 0.00 0.00
794.0 284.0 0.00 0.00
897.0 284.0 0.00 0.00
934.0 284.0 0.00 0.00
52.0 285.0 0.00 0.00
153.0 285.0 0.00 0.00
158.0 285.0 0.00 0.00
873.0 285.0 0.00 0.00
954.0 285.0 0.00 0.00
984.0 285.0 0.00 0.00
1015.0 285.0 0.00 0.00
65.0 286.0 0.00 0.00
344.0 286.0 0.00 0.00
400.0 286.0 0.00 0.00
1005.0 286.0 0.00 0.00
316.0 287.0 0.00 0.00
369.0 287.0 0.00 0.00
475.0 287.0 0.00 0.00
928.0 287.0 0.00 0.00
73.0 288.0 0.00 0.00
114.0 288.0 0.00 0.00
133.0 288.0 0.00 0.00
144.0 288.0 0.00 0.00
164.0 288.0 0.00 0.00
212.0 288.0 0.00 0.00
333.0 288.0 0.00 0.00
460.0 288.0 0.00 0.00
470.0 288.0 0.00 0.00
548.0 288.0 0.00 0.00
553.0 288.0 0.00 0.00
560.0 288.0 0.00 0.00
565.0 288.0 0.00 0.00
918.0 288.0 0.00 0.00
26.0 289.0 0.00 0.00
169.0 289.0 0.00 0.00
542.0 289.0 0.00 0.00
573.0 289.0 0.00 0.00
588.0 289.0 0.00 0.00
596.0 289.0 0.00 0.00
608.0 289.0 0.00 0.00
613.0 289.0 0.00 0.00
895.0 289.0 0.00 0.00
976.0 289.0 0.00 0.00
995.0 289.0 0.00 0.00
156.0 290.0 0.00 0.00
179.0 290.0 0.00 0.00
203.0 290.0 0.00 0.00
249.0 290.0 0.00 0.00
626.0 290.0 0.00 0.00
90.0 291.0 0.00 0.00
101.0 291.0 0.00 0.00
124.0 291.0 0.00 0.00
225.0 291.0 0.00 0.00
238.0 291.0 0.00 0.00
274.0 291.0 0.00 0.00
279.0 291.0 0.00 0.00
297.0 291.0 0.00 0.00
398.0 291.0 0.00 0.00
149.0 292.0 0.00 0.00
257.0 292.0 0.00 0.00
341.0 292.0 0.00 0.00
450.0 292.0 0.00 0.00
515.0 292.0 0.00 0.00
734.0 292.0 0.00 0.00
743.0 292.0 0.00 0.00
939.0 292.0 0.00 0.00
949.0 292.0 0.00 0.00
1015.0 292.0 0.00 0.00
333.0 293.0 0.00 0.00
459.0 293.0 0.00 0.00
532.0 293.0 0.00 0.00
560.0 293.0 0.00 0.00
862.0 293.0 0.00 0.00
876.0 293.0 0.00 0.00
890.0 293.0 0.00 0.00
918.0 293.0 0.00 0.00
944.0 293.0 0.00 0.00
73.0 294.0 0.00 0.00
80.0 294.0 0.00 0.00
169.0 294.0 0.00 0.00
438.0 294.0 0.00 0.00
478.0 294.0 0.00 0.00
505.0 294.0 0.00 0.00
68.0 295.0 0.00 0.00
179.0 295.0 0.00 0.00
245.0 295.0 0.00 0.00
350.0 295.0 0.00 0.00
600.0 295.0 0.00 0.00
756.0 295.0 0.00 0.00
853.0 295.0 0.00 0.00
971.0 295.0 0.00 0.00
125.0 296.0 0.00 0.00
209.0 296.0 0.00 0.00
423.0 296.0 0.00 0.00
898.0 296.0 0.00 0.00
1010.0 296.0 0.00 0.00
39.0 297.0 0.00 0.00
340.0 297.0 0.00 0.00
382.0 297.0 0.00 0.00
428.0 297.0 0.00 0.00
605.0 297.0 0.00 0.00
610.0 297.0 0.00 0.00
615.0 297.0 0.00 0.00
772.0 297.0 0.00 0.00
779.0 297.0 0.00 0.00
832.0 297.0 0.00 0.00
980.0 297.0 0.00 0.00
31.0 298.0 0.00 0.00
48.0 298.0 0.00 0.00
53.0 298.0 0.00 0.00
58.0 298.0 0.00 0.00
159.0 298.0 0.00 0.00
231.0 298.0 0.00 0.00
372.0 298.0 0.00 0.00
544.0 298.0 0.00 0.00
724.0 298.0 0.00 0.00
784.0 298.0 0.00 0.00
827.0 298.0 0.00 0.00
846.0 298.0 0.00 0.00
15.0 299.0 0.00 0.00
145.0 299.0 0.00 0.00
331.0 299.0 0.00 0.00
474.0 299.0 0.00 0.00
523.0 299.0 0.00 0.00
549.0 299.0 0.00 0.00
560.0 299.0 0.00 0.00
627.0 299.0 0.00 0.00
789.0 299.0 0.00 0.00
134.0 300.0 0.00 0.00
303.0 300.0 0.00 0.00
506.0 300.0 0.00 0.00
533.0 300.0 0.00 0.00
569.0 300.0 0.00 0.00
599.0 300.0 0.00 0.00
907.0 300.0 0.00 0.00
938.0 300.0 0.00 0.00
951.0 300.0 0.00 0.00
200.0 301.0 0.00 0.00
210.0 301.0 0.00 0.00
456.0 301.0 0.00 0.00
513.0 301.0 0.00 0.00
577.0 301.0 0.00 0.00
594.0 301.0 0.00 0.00
635.0 301.0 0.00 0.00
732.0 301.0 0.00 0.00
270.0 302.0 0.00 0.00
395.0 302.0 0.00 0.00
465.0 302.0 0.00 0.00
539.0 302.0 0.00 0.00
714.0 302.0 0.00 0.00
980.0 302.0 0.00 0.00
987.0 302.0 0.00 0.00
26.0 303.0 0.00 0.00
339.0 303.0 0.00 0.00
765.0 303.0 0.00 0.00
962.0 303.0 0.00 0.00
20.0 304.0 0.00 0.00
45.0 304.0 0.00 0.00
96.0 304.0 0.00 0.00
248.0 304.0 0.00 0.00
382.0 304.0 0.00 0.00
400.0 304.0 0.00 0.00
561.0 304.0 0.00 0.00
793.0 304.0 0.00 0.00
80.0 305.0 0.00 0.00
259.0 305.0 0.00 0.00
293.0 305.0 0.00 0.00
329.0 305.0 0.00 0.00
405.0 305.0 0.00 0.00
624.0 305.0 0.00 0.00
809.0 305.0 0.00 0.00
814.0 305.0 0.00 0.00
1002.0 305.0 0.00 0.00
1010.0 305.0 0.00 0.00
63.0 306.0 0.00 0.00
211.0 306.0 0.00 0.00
306.0 306.0 0.00 0.00
615.0 306.0 0.00 0.00
667.0 306.0 0.00 0.00
677.0 306.0 0.00 0.00
694.0 306.0 0.00 0.00
880.0 306.0 0.00 0.00
891.0 306.0 0.00 0.00
973.0 306.0 0.00 0.00
230.0 307.0 0.00 0.00
269.0 307.0 0.00 0.00
416.0 307.0 0.00 0.00
550.0 307.0 0.00 0.00
683.0 307.0 0.00 0.00
708.0 307.0 0.00 0.00
746.0 307.0 0.00 0.00
751.0 307.0 0.00 0.00
903.0 307.0 0.00 0.00
944.0 307.0 0.00 0.00
949.0 307.0 0.00 0.00
29.0 308.0 0.00 0.00
122.0 308.0 0.00 0.00
127.0 308.0 0.00 0.00
134.0 308.0 0.00 0.00
274.0 308.0 0.00 0.00
318.0 308.0 0.00 0.00
338.0 308.0 0.00 0.00
377.0 308.0 0.00 0.00
434.0 308.0 0.00 0.00
99.0 309.0 0.00 0.00
104.0 309.0 0.00 0.00
117.0 309.0 0.00 0.00
179.0 309.0 0.00 0.00
473.0 309.0 0.00 0.00
521.0 309.0 0.00 0.00
561.0 309.0 0.00 0.00
650.0 309.0 0.00 0.00
863.0 309.0 0.00 0.00
184.0 310.0 0.00 0.00
624.0 310.0 0.00 0.00
759.0 310.0 0.00 0.00
764.0 310.0 0.00 0.00
936.0 310.0 0.00 0.00
954.0 310.0 0.00 0.00
1001.0 310.0 0.00 0.00
19.0 311.0 0.00 0.00
64.0 311.0 0.00 0.00
143.0 311.0 0.00 0.00
148.0 311.0 0.00 0.00
162.0 311.0 0.00 0.00
173.0 311.0 0.00 0.00
215.0 311.0 0.00 0.00
220.0 311.0 0.00 0.00
367.0 311.0 0.00 0.00
571.0 311.0 0.00 0.00
615.0 311.0 0.00 0.00
714.0 311.0 0.00 0.00
973.0 311.0 0.00 0.00
24.0 312.0 0.00 0.00
38.0 312.0 0.00 0.00
43.0 312.0 0.00 0.00
203.0 312.0 0.00 0.00
228.0 312.0 0.00 0.00
250.0 312.0 0.00 0.00
269.0 312.0 0.00 0.00
415.0 312.0 0.00 0.00
484.0 312.0 0.00 0.00
512.0 312.0 0.00 0.00
550.0 312.0 0.00 0.00
696.0 312.0 0.00 0.00
708.0 312.0 0.00 0.00
728.0 312.0 0.00 0.00
796.0 312.0 0.00 0.00
986.0 312.0 0.00 0.00
69.0 313.0 0.00 0.00
245.0 313.0 0.00 0.00
259.0 313.0 0.00 0.00
264.0 313.0 0.00 0.00
285.0 313.0 0.00 0.00
322.0 313.0 0.00 0.00
327.0 313.0 0.00 0.00
333.0 313.0 0.00 0.00
376.0 313.0 0.00 0.00
433.0 313.0 0.00 0.00
499.0 313.0 0.00 0.00
579.0 313.0 0.00 0.00
92.0 314.0 0.00 0.00
117.0 314.0 0.00 0.00
305.0 314.0 0.00 0.00
310.0 314.0 0.00 0.00
523.0 314.0 0.00 0.00
592.0 314.0 0.00 0.00
604.0 314.0 0.00 0.00
654.0 314.0 0.00 0.00
783.0 314.0 0.00 0.00
903.0 314.0 0.00 0.00
52.0 315.0 0.00 0.00
210.0 315.0 0.00 0.00
296.0 315.0 0.00 0.00
354.0 315.0 0.00 0.00
390.0 315.0 0.00 0.00
395.0 315.0 0.00 0.00
528.0 315.0 0.00 0.00
564.0 315.0 0.00 0.00
629.0 315.0 0.00 0.00
666.0 315.0 0.00 0.00
778.0 315.0 0.00 0.00
837.0 315.0 0.00 0.00
1006.0 315.0 0.00 0.00
77.0 316.0 0.00 0.00
141.0 316.0 0.00 0.00
172.0 316.0 0.00 0.00
317.0 316.0 0.00 0.00
341.0 316.0 0.00 0.00
428.0 316.0 0.00 0.00
445.0 316.0 0.00 0.00
450.0 316.0 0.00 0.00
455.0 316.0 0.00 0.00
460.0 316.0 0.00 0.00
465.0 316.0 0.00 0.00
638.0 316.0 0.00 0.00
679.0 316.0 0.00 0.00
687.0 316.0 0.00 0.00
713.0 316.0 0.00 0.00
809.0 316.0 0.00 0.00
240.0 317.0 0.00 0.00
402.0 317.0 0.00 0.00
407.0 317.0 0.00 0.00
550.0 317.0 0.00 0.00
674.0 317.0 0.00 0.00
696.0 317.0 0.00 0.00
885.0 317.0 0.00 0.00
538.0 318.0 0.00 0.00
773.0 318.0 0.00 0.00
892.0 318.0 0.00 0.00
913.0 318.0 0.00 0.00
958.0 318.0 0.00 0.00
117.0 319.0 0.00 0.00
185.0 319.0 0.00 0.00
226.0 319.0 0.00 0.00
304.0 319.0 0.00 0.00
856.0 319.0 0.00 0.00
875.0 319.0 0.00 0.00
897.0 319.0 0.00 0.00
903.0 319.0 0.00 0.00
908.0 319.0 0.00 0.00
926.0 319.0 0.00 0.00
270.0 320.0 0.00 0.00
296.0 320.0 0.00 0.00
474.0 320.0 0.00 0.00
491.0 320.0 0.00 0.00
515.0 320.0 0.00 0.00
543.0 320.0 0.00 0.00
565.0 320.0 0.00 0.00
615.0 320.0 0.00 0.00
793.0 320.0 0.00 0.00
996.0 320.0 0.00 0.00
317.0 321.0 0.00 0.00
340.0 321.0 0.00 0.00
502.0 321.0 0.00 0.00
837.0 321.0 0.00 0.00
966.0 321.0 0.00 0.00
990.0 321.0 0.00 0.00
24.0 322.0 0.00 0.00
29.0 322.0 0.00 0.00
42.0 322.0 0.00 0.00
51.0 322.0 0.00 0.00
66.0 322.0 0.00 0.00
176.0 322.0 0.00 0.00
190.0 322.0 0.00 0.00
199.0 322.0 0.00 0.00
240.0 322.0 0.00 0.00
439.0 322.0 0.00 0.00
531.0 322.0 0.00 0.00
604.0 322.0 0.00 0.00
620.0 322.0 0.00 0.00
945.0 322.0 0.00 0.00
74.0 323.0 0.00 0.00
83.0 323.0 0.00 0.00
88.0 323.0 0.00 0.00
139.0 323.0 0.00 0.00
536.0 323.0 0.00 0.00
572.0 323.0 0.00 0.00
577.0 323.0 0.00 0.00
595.0 323.0 0.00 0.00
637.0 323.0 0.00 0.00
657.0 323.0 0.00 0.00
662.0 323.0 0.00 0.00
803.0 323.0 0.00 0.00
811.0 323.0 0.00 0.00
1001.0 323.0 0.00 0.00
93.0 324.0 0.00 0.00
105.0 324.0 0.00 0.00
117.0 324.0 0.00 0.00
301.0 324.0 0.00 0.00
444.0 324.0 0.00 0.00
464.0 324.0 0.00 0.00
560.0 324.0 0.00 0.00
583.0 324.0 0.00 0.00
647.0 324.0 0.00 0.00
667.0 324.0 0.00 0.00
703.0 324.0 0.00 0.00
717.0 324.0 0.00 0.00
722.0 324.0 0.00 0.00
743.0 324.0 0.00 0.00
876.0 324.0 0.00 0.00
984.0 324.0 0.00 0.00
1009.0 324.0 0.00 0.00
162.0 325.0 0.00 0.00
565.0 325.0 0.00 0.00
684.0 325.0 0.00 0.00
694.0 325.0 0.00 0.00
712.0 325.0 0.00 0.00
382.0 326.0 0.00 0.00
729.0 326.0 0.00 0.00
756.0 326.0 0.00 0.00
763.0 326.0 0.00 0.00
768.0 326.0 0.00 0.00
187.0 327.0 0.00 0.00
308.0 327.0 0.00 0.00
397.0 327.0 0.00 0.00
632.0 327.0 0.00 0.00
773.0 327.0 0.00 0.00
906.0 327.0 0.00 0.00
920.0 327.0 0.00 0.00
991.0 327.0 0.00 0.00
74.0 328.0 0.00 0.00
83.0 328.0 0.00 0.00
140.0 328.0 0.00 0.00
175.0 328.0 0.00 0.00
223.0 328.0 0.00 0.00
239.0 328.0 0.00 0.00
321.0 328.0 0.00 0.00
344.0 328.0 0.00 0.00
571.0 328.0 0.00 0.00
627.0 328.0 0.00 0.00
781.0 328.0 0.00 0.00
803.0 328.0 0.00 0.00
941.0 328.0 0.00 0.00
292.0 329.0 0.00 0.00
301.0 329.0 0.00 0.00
334.0 329.0 0.00 0.00
444.0 329.0 0.00 0.00
452.0 329.0 0.00 0.00
462.0 329.0 0.00 0.00
508.0 329.0 0.00 0.00
742.0 329.0 0.00 0.00
879.0 329.0 0.00 0.00
962.0 329.0 0.00 0.00
31.0 330.0 0.00 0.00
45.0 330.0 0.00 0.00
53.0 330.0 0.00 0.00
207.0 330.0 0.00 0.00
316.0 330.0 0.00 0.00
522.0 330.0 0.00 0.00
541.0 330.0 0.00 0.00
707.0 330.0 0.00 0.00
712.0 330.0 0.00 0.00
717.0 330.0 0.00 0.00
974.0 330.0 0.00 0.00
981.0 330.0 0.00 0.00
18.0 331.0 0.00 0.00
23.0 331.0 0.00 0.00
60.0 331.0 0.00 0.00
198.0 331.0 0.00 0.00
278.0 331.0 0.00 0.00
283.0 331.0 0.00 0.00
457.0 331.0 0.00 0.00
498.0 331.0 0.00 0.00
732.0 331.0 0.00 0.00
737.0 331.0 0.00 0.00
929.0 331.0 0.00 0.00
8.0 332.0 0.00 0.00
13.0 332.0 0.00 0.00
40.0 332.0 0.00 0.00
163.0 332.0 0.00 0.00
268.0 332.0 0.00 0.00
354.0 332.0 0.00 0.00
474.0 332.0 0.00 0.00
667.0 332.0 0.00 0.00
820.0 332.0 0.00 0.00
866.0 332.0 0.00 0.00
911.0 332.0 0.00 0.00
993.0 332.0 0.00 0.00
998.0 332.0 0.00 0.00
74.0 333.0 0.00 0.00
104.0 333.0 0.00 0.00
118.0 333.0 0.00 0.00
130.0 333.0 0.00 0.00
141.0 333.0 0.00 0.00
221.0 333.0 0.00 0.00
273.0 333.0 0.00 0.00
485.0 333.0 0.00 0.00
572.0 333.0 0.00 0.00
588.0 333.0 0.00 0.00
628.0 333.0 0.00 0.00
653.0 333.0 0.00 0.00
694.0 333.0 0.00 0.00
792.0 333.0 0.00 0.00
803.0 333.0 0.00 0.00
830.0 333.0 0.00 0.00
835.0 333.0 0.00 0.00
79.0 334.0 0.00 0.00
229.0 334.0 0.00 0.00
462.0 334.0 0.00 0.00
616.0 334.0 0.00 0.00
621.0 334.0 0.00 0.00
633.0 334.0 0.00 0.00
638.0 334.0 0.00 0.00
644.0 334.0 0.00 0.00
844.0 334.0 0.00 0.00
889.0 334.0 0.00 0.00
899.0 334.0 0.00 0.00
916.0 334.0 0.00 0.00
45.0 335.0 0.00 0.00
84.0 335.0 0.00 0.00
91.0 335.0 0.00 0.00
244.0 335.0 0.00 0.00
335.0 335.0 0.00 0.00
611.0 335.0 0.00 0.00
707.0 335.0 0.00 0.00
715.0 335.0 0.00 0.00
722.0 335.0 0.00 0.00
727.0 335.0 0.00 0.00
746.0 335.0 0.00 0.00
849.0 335.0 0.00 0.00
858.0 335.0 0.00 0.00
922.0 335.0 0.00 0.00
974.0 335.0 0.00 0.00
135.0 336.0 0.00 0.00
292.0 336.0 0.00 0.00
316.0 336.0 0.00 0.00
327.0 336.0 0.00 0.00
340.0 336.0 0.00 0.00
401.0 336.0 0.00 0.00
543.0 336.0 0.00 0.00
980.0 336.0 0.00 0.00
152.0 337.0 0.00 0.00
159.0 337.0 0.00 0.00
260.0 337.0 0.00 0.00
302.0 337.0 0.00 0.00
764.0 337.0 0.00 0.00
98.0 338.0 0.00 0.00
165.0 338.0 0.00 0.00
220.0 338.0 0.00 0.00
951.0 338.0 0.00 0.00
1008.0 338.0 0.00 0.00
171.0 339.0 0.00 0.00
178.0 339.0 0.00 0.00
183.0 339.0 0.00 0.00
345.0 339.0 0.00 0.00
392.0 339.0 0.00 0.00
510.0 339.0 0.00 0.00
516.0 339.0 0.00 0.00
522.0 339.0 0.00 0.00
527.0 339.0 0.00 0.00
899.0 339.0 0.00 0.00
916.0 339.0 0.00 0.00
90.0 340.0 0.00 0.00
321.0 340.0 0.00 0.00
332.0 340.0 0.00 0.00
532.0 340.0 0.00 0.00
777.0 340.0 0.00 0.00
785.0 340.0 0.00 0.00
790.0 340.0 0.00 0.00
810.0 340.0 0.00 0.00
905.0 340.0 0.00 0.00
987.0 340.0 0.00 0.00
993.0 340.0 0.00 0.00
51.0 341.0 0.00 0.00
56.0 341.0 0.00 0.00
316.0 341.0 0.00 0.00
327.0 341.0 0.00 0.00
550.0 341.0 0.00 0.00
562.0 341.0 0.00 0.00
567.0 341.0 0.00 0.00
572.0 341.0 0.00 0.00
585.0 341.0 0.00 0.00
659.0 341.0 0.00 0.00
681.0 341.0 0.00 0.00
694.0 341.0 0.00 0.00
797.0 341.0 0.00 0.00
858.0 341.0 0.00 0.00
879.0 341.0 0.00 0.00
888.0 341.0 0.00 0.00
910.0 341.0 0.00 0.00
937.0 341.0 0.00 0.00
964.0 341.0 0.00 0.00
998.0 341.0 0.00 0.00
8.0 342.0 0.00 0.00
61.0 342.0 0.00 0.00
116.0 342.0 0.00 0.00
145.0 342.0 0.00 0.00
151.0 342.0 0.00 0.00
156.0 342.0 0.00 0.00
239.0 342.0 0.00 0.00
258.0 342.0 0.00 0.00
594.0 342.0 0.00 0.00
599.0 342.0 0.00 0.00
604.0 342.0 0.00 0.00
609.0 342.0 0.00 0.00
642.0 342.0 0.00 0.00
649.0 342.0 0.00 0.00
670.0 342.0 0.00 0.00
706.0 342.0 0.00 0.00
747.0 342.0 0.00 0.00
819.0 342.0 0.00 0.00
864.0 342.0 0.00 0.00
972.0 342.0 0.00 0.00
982.0 342.0 0.00 0.00
1015.0 342.0 0.00 0.00
98.0 343.0 0.00 0.00
199.0 343.0 0.00 0.00
219.0 343.0 0.00 0.00
374.0 343.0 0.00 0.00
434.0 343.0 0.00 0.00
439.0 343.0 0.00 0.00
456.0 343.0 0.00 0.00
465.0 343.0 0.00 0.00
629.0 343.0 0.00 0.00
712.0 343.0 0.00 0.00
717.0 343.0 0.00 0.00
722.0 343.0 0.00 0.00
734.0 343.0 0.00 0.00
742.0 343.0 0.00 0.00
752.0 343.0 0.00 0.00
757.0 343.0 0.00 0.00
764.0 343.0 0.00 0.00
946.0 343.0 0.00 0.00
951.0 343.0 0.00 0.00
131.0 344.0 0.00 0.00
176.0 344.0 0.00 0.00
214.0 344.0 0.00 0.00
352.0 344.0 0.00 0.00
394.0 344.0 0.00 0.00
418.0 344.0 0.00 0.00
448.0 344.0 0.00 0.00
471.0 344.0 0.00 0.00
476.0 344.0 0.00 0.00
494.0 344.0 0.00 0.00
190.0 345.0 0.00 0.00
263.0 345.0 0.00 0.00
269.0 345.0 0.00 0.00
275.0 345.0 0.00 0.00
340.0 345.0 0.00 0.00
345.0 345.0 0.00 0.00
357.0 345.0 0.00 0.00
362.0 345.0 0.00 0.00
389.0 345.0 0.00 0.00
400.0 345.0 0.00 0.00
408.0 345.0 0.00 0.00
413.0 345.0 0.00 0.00
541.0 345.0 0.00 0.00
806.0 345.0 0.00 0.00
1007.0 345.0 0.00 0.00
68.0 346.0 0.00 0.00
286.0 346.0 0.00 0.00
315.0 346.0 0.00 0.00
335.0 346.0 0.00 0.00
617.0 346.0 0.00 0.00
899.0 346.0 0.00 0.00
1000.0 346.0 0.00 0.00
51.0 347.0 0.00 0.00
116.0 347.0 0.00 0.00
325.0 347.0 0.00 0.00
330.0 347.0 0.00 0.00
508.0 347.0 0.00 0.00
832.0 347.0 0.00 0.00
845.0 347.0 0.00 0.00
858.0 347.0 0.00 0.00
911.0 347.0 0.00 0.00
921.0 347.0 0.00 0.00
101.0 348.0 0.00 0.00
136.0 348.0 0.00 0.00
141.0 348.0 0.00 0.00
291.0 348.0 0.00 0.00
300.0 348.0 0.00 0.00
320.0 348.0 0.00 0.00
722.0 348.0 0.00 0.00
926.0 348.0 0.00 0.00
946.0 348.0 0.00 0.00
964.0 348.0 0.00 0.00
156.0 349.0 0.00 0.00
216.0 349.0 0.00 0.00
308.0 349.0 0.00 0.00
369.0 349.0 0.00 0.00
564.0 349.0 0.00 0.00
754.0 349.0 0.00 0.00
759.0 349.0 0.00 0.00
777.0 349.0 0.00 0.00
785.0 349.0 0.00 0.00
790.0 349.0 0.00 0.00
795.0 349.0 0.00 0.00
819.0 349.0 0.00 0.00
874.0 349.0 0.00 0.00
932.0 349.0 0.00 0.00
979.0 349.0 0.00 0.00
190.0 350.0 0.00 0.00
269.0 350.0 0.00 0.00
666.0 350.0 0.00 0.00
806.0 350.0 0.00 0.00
811.0 350.0 0.00 0.00
887.0 350.0 0.00 0.00
126.0 351.0 0.00 0.00
315.0 351.0 0.00 0.00
519.0 351.0 0.00 0.00
575.0 351.0 0.00 0.00
894.0 351.0 0.00 0.00
899.0 351.0 0.00 0.00
991.0 351.0 0.00 0.00
1008.0 351.0 0.00 0.00
40.0 352.0 0.00 0.00
331.0 352.0 0.00 0.00
336.0 352.0 0.00 0.00
407.0 352.0 0.00 0.00
437.0 352.0 0.00 0.00
629.0 352.0 0.00 0.00
639.0 352.0 0.00 0.00
801.0 352.0 0.00 0.00
856.0 352.0 0.00 0.00
910.0 352.0 0.00 0.00
135.0 353.0 0.00 0.00
320.0 353.0 0.00 0.00
325.0 353.0 0.00 0.00
525.0 353.0 0.00 0.00
634.0 353.0 0.00 0.00
699.0 353.0 0.00 0.00
741.0 353.0 0.00 0.00
840.0 353.0 0.00 0.00
255.0 354.0 0.00 0.00
389.0 354.0 0.00 0.00
399.0 354.0 0.00 0.00
425.0 354.0 0.00 0.00
484.0 354.0 0.00 0.00
495.0 354.0 0.00 0.00
547.0 354.0 0.00 0.00
580.0 354.0 0.00 0.00
609.0 354.0 0.00 0.00
622.0 354.0 0.00 0.00
692.0 354.0 0.00 0.00
736.0 354.0 0.00 0.00
818.0 354.0 0.00 0.00
823.0 354.0 0.00 0.00
90.0 355.0 0.00 0.00
188.0 355.0 0.00 0.00
246.0 355.0 0.00 0.00
283.0 355.0 0.00 0.00
289.0 355.0 0.00 0.00
359.0 355.0 0.00 0.00
475.0 355.0 0.00 0.00
540.0 355.0 0.00 0.00
617.0 355.0 0.00 0.00
650.0 355.0 0.00 0.00
766.0 355.0 0.00 0.00
850.0 355.0 0.00 0.00
68.0 356.0 0.00 0.00
234.0 356.0 0.00 0.00
271.0 356.0 0.00 0.00
276.0 356.0 0.00 0.00
715.0 356.0 0.00 0.00
861.0 356.0 0.00 0.00
947.0 356.0 0.00 0.00
342.0 357.0 0.00 0.00
829.0 357.0 0.00 0.00
119.0 358.0 0.00 0.00
320.0 358.0 0.00 0.00
325.0 358.0 0.00 0.00
789.0 358.0 0.00 0.00
795.0 358.0 0.00 0.00
311.0 359.0 0.00 0.00
375.0 359.0 0.00 0.00
389.0 359.0 0.00 0.00
447.0 359.0 0.00 0.00
495.0 359.0 0.00 0.00
606.0 359.0 0.00 0.00
679.0 359.0 0.00 0.00
692.0 359.0 0.00 0.00
784.0 359.0 0.00 0.00
818.0 359.0 0.00 0.00
900.0 359.0 0.00 0.00
917.0 359.0 0.00 0.00
935.0 359.0 0.00 0.00
79.0 360.0 0.00 0.00
85.0 360.0 0.00 0.00
128.0 360.0 0.00 0.00
151.0 360.0 0.00 0.00
248.0 360.0 0.00 0.00
291.0 360.0 0.00 0.00
360.0 360.0 0.00 0.00
649.0 360.0 0.00 0.00
670.0 360.0 0.00 0.00
704.0 360.0 0.00 0.00
779.0 360.0 0.00 0.00
809.0 360.0 0.00 0.00
91.0 361.0 0.00 0.00
296.0 361.0 0.00 0.00
301.0 361.0 0.00 0.00
713.0 361.0 0.00 0.00
735.0 361.0 0.00 0.00
762.0 361.0 0.00 0.00
767.0 361.0 0.00 0.00
772.0 361.0 0.00 0.00
867.0 361.0 0.00 0.00
886.0 361.0 0.00 0.00
978.0 361.0 0.00 0.00
100.0 362.0 0.00 0.00
176.0 362.0 0.00 0.00
200.0 362.0 0.00 0.00
552.0 362.0 0.00 0.00
568.0 362.0 0.00 0.00
723.0 362.0 0.00 0.00
728.0 362.0 0.00 0.00
742.0 362.0 0.00 0.00
747.0 362.0 0.00 0.00
756.0 362.0 0.00 0.00
107.0 363.0 0.00 0.00
505.0 363.0 0.00 0.00
510.0 363.0 0.00 0.00
800.0 363.0 0.00 0.00
909.0 363.0 0.00 0.00
988.0 363.0 0.00 0.00
436.0 364.0 0.00 0.00
520.0 364.0 0.00 0.00
638.0 364.0 0.00 0.00
691.0 364.0 0.00 0.00
818.0 364.0 0.00 0.00
829.0 364.0 0.00 0.00
917.0 364.0 0.00 0.00
953.0 364.0 0.00 0.00
958.0 364.0 0.00 0.00
964.0 364.0 0.00 0.00
969.0 364.0 0.00 0.00
1005.0 364.0 0.00 0.00
49.0 365.0 0.00 0.00
54.0 365.0 0.00 0.00
112.0 365.0 0.00 0.00
117.0 365.0 0.00 0.00
248.0 365.0 0.00 0.00
321.0 365.0 0.00 0.00
360.0 365.0 0.00 0.00
388.0 365.0 0.00 0.00
403.0 365.0 0.00 0.00
515.0 365.0 0.00 0.00
526.0 365.0 0.00 0.00
531.0 365.0 0.00 0.00
541.0 365.0 0.00 0.00
563.0 365.0 0.00 0.00
657.0 365.0 0.00 0.00
93.0 366.0 0.00 0.00
282.0 366.0 0.00 0.00
646.0 366.0 0.00 0.00
838.0 366.0 0.00 0.00
852.0 366.0 0.00 0.00
943.0 366.0 0.00 0.00
43.0 367.0 0.00 0.00
187.0 367.0 0.00 0.00
418.0 367.0 0.00 0.00
795.0 367.0 0.00 0.00
824.0 367.0 0.00 0.00
995.0 367.0 0.00 0.00
38.0 368.0 0.00 0.00
216.0 368.0 0.00 0.00
261.0 368.0 0.00 0.00
269.0 368.0 0.00 0.00
293.0 368.0 0.00 0.00
459.0 368.0 0.00 0.00
485.0 368.0 0.00 0.00
801.0 368.0 0.00 0.00
806.0 368.0 0.00 0.00
859.0 368.0 0.00 0.00
897.0 368.0 0.00 0.00
987.0 368.0 0.00 0.00
75.0 369.0 0.00 0.00
127.0 369.0 0.00 0.00
159.0 369.0 0.00 0.00
235.0 369.0 0.00 0.00
299.0 369.0 0.00 0.00
374.0 369.0 0.00 0.00
435.0 369.0 0.00 0.00
599.0 369.0 0.00 0.00
611.0 369.0 0.00 0.00
626.0 369.0 0.00 0.00
789.0 369.0 0.00 0.00
813.0 369.0 0.00 0.00
866.0 369.0 0.00 0.00
17.0 370.0 0.00 0.00
27.0 370.0 0.00 0.00
324.0 370.0 0.00 0.00
359.0 370.0 0.00 0.00
389.0 370.0 0.00 0.00
557.0 370.0 0.00 0.00
732.0 370.0 0.00 0.00
750.0 370.0 0.00 0.00
783.0 370.0 0.00 0.00
880.0 370.0 0.00 0.00
885.0 370.0 0.00 0.00
12.0 371.0 0.00 0.00
94.0 371.0 0.00 0.00
136.0 371.0 0.00 0.00
778.0 371.0 0.00 0.00
418.0 372.0 0.00 0.00
446.0 372.0 0.00 0.00
507.0 372.0 0.00 0.00
636.0 372.0 0.00 0.00
652.0 372.0 0.00 0.00
667.0 372.0 0.00 0.00
688.0 372.0 0.00 0.00
892.0 372.0 0.00 0.00
996.0 372.0 0.00 0.00
115.0 373.0 0.00 0.00
186.0 373.0 0.00 0.00
199.0 373.0 0.00 0.00
262.0 373.0 0.00 0.00
268.0 373.0 0.00 0.00
292.0 373.0 0.00 0.00
340.0 373.0 0.00 0.00
545.0 373.0 0.00 0.00
897.0 373.0 0.00 0.00
909.0 373.0 0.00 0.00
916.0 373.0 0.00 0.00
966.0 373.0 0.00 0.00
242.0 374.0 0.00 0.00
335.0 374.0 0.00 0.00
435.0 374.0 0.00 0.00
516.0 374.0 0.00 0.00
524.0 374.0 0.00 0.00
529.0 374.0 0.00 0.00
676.0 374.0 0.00 0.00
723.0 374.0 0.00 0.00
903.0 374.0 0.00 0.00
66.0 375.0 0.00 0.00
127.0 375.0 0.00 0.00
141.0 375.0 0.00 0.00
247.0 375.0 0.00 0.00
325.0 375.0 0.00 0.00
493.0 375.0 0.00 0.00
579.0 375.0 0.00 0.00
697.0 375.0 0.00 0.00
745.0 375.0 0.00 0.00
750.0 375.0 0.00 0.00
886.0 375.0 0.00 0.00
57.0 376.0 0.00 0.00
348.0 376.0 0.00 0.00
469.0 376.0 0.00 0.00
564.0 376.0 0.00 0.00
703.0 376.0 0.00 0.00
764.0 376.0 0.00 0.00
769.0 376.0 0.00 0.00
835.0 376.0 0.00 0.00
92.0 377.0 0.00 0.00
320.0 377.0 0.00 0.00
372.0 377.0 0.00 0.00
403.0 377.0 0.00 0.00
709.0 377.0 0.00 0.00
778.0 377.0 0.00 0.00
789.0 377.0 0.00 0.00
800.0 377.0 0.00 0.00
805.0 377.0 0.00 0.00
860.0 377.0 0.00 0.00
876.0 377.0 0.00 0.00
984.0 377.0 0.00 0.00
997.0 377.0 0.00 0.00
187.0 378.0 0.00 0.00
268.0 378.0 0.00 0.00
280.0 378.0 0.00 0.00
311.0 378.0 0.00 0.00
358.0 378.0 0.00 0.00
387.0 378.0 0.00 0.00
476.0 378.0 0.00 0.00
600.0 378.0 0.00 0.00
636.0 378.0 0.00 0.00
757.0 378.0 0.00 0.00
810.0 378.0 0.00 0.00
851.0 378.0 0.00 0.00
865.0 378.0 0.00 0.00
870.0 378.0 0.00 0.00
896.0 378.0 0.00 0.00
275.0 379.0 0.00 0.00
287.0 379.0 0.00 0.00
569.0 379.0 0.00 0.00
794.0 379.0 0.00 0.00
828.0 379.0 0.00 0.00
901.0 379.0 0.00 0.00
216.0 380.0 0.00 0.00
256.0 380.0 0.00 0.00
292.0 380.0 0.00 0.00
325.0 380.0 0.00 0.00
447.0 380.0 0.00 0.00
546.0 380.0 0.00 0.00
688.0 380.0 0.00 0.00
738.0 380.0 0.00 0.00
887.0 380.0 0.00 0.00
26.0 381.0 0.00 0.00
120.0 381.0 0.00 0.00
125.0 381.0 0.00 0.00
145.0 381.0 0.00 0.00
380.0 381.0 0.00 0.00
494.0 381.0 0.00 0.00
702.0 381.0 0.00 0.00
916.0 381.0 0.00 0.00
973.0 381.0 0.00 0.00
150.0 382.0 0.00 0.00
155.0 382.0 0.00 0.00
234.0 382.0 0.00 0.00
374.0 382.0 0.00 0.00
499.0 382.0 0.00 0.00
504.0 382.0 0.00 0.00
712.0 382.0 0.00 0.00
877.0 382.0 0.00 0.00
66.0 383.0 0.00 0.00
133.0 383.0 0.00 0.00
160.0 383.0 0.00 0.00
165.0 383.0 0.00 0.00
229.0 383.0 0.00 0.00
246.0 383.0 0.00 0.00
400.0 383.0 0.00 0.00
509.0 383.0 0.00 0.00
517.0 383.0 0.00 0.00
522.0 383.0 0.00 0.00
599.0 383.0 0.00 0.00
721.0 383.0 0.00 0.00
865.0 383.0 0.00 0.00
8.0 384.0 0.00 0.00
191.0 384.0 0.00 0.00
387.0 384.0 0.00 0.00
394.0 384.0 0.00 0.00
409.0 384.0 0.00 0.00
414.0 384.0 0.00 0.00
462.0 384.0 0.00 0.00
467.0 384.0 0.00 0.00
572.0 384.0 0.00 0.00
750.0 384.0 0.00 0.00
760.0 384.0 0.00 0.00
901.0 384.0 0.00 0.00
999.0 384.0 0.00 0.00
44.0 385.0 0.00 0.00
456.0 385.0 0.00 0.00
527.0 385.0 0.00 0.00
536.0 385.0 0.00 0.00
541.0 385.0 0.00 0.00
586.0 385.0 0.00 0.00
650.0 385.0 0.00 0.00
816.0 385.0 0.00 0.00
821.0 385.0 0.00 0.00
826.0 385.0 0.00 0.00
909.0 385.0 0.00 0.00
77.0 386.0 0.00 0.00
178.0 386.0 0.00 0.00
327.0 386.0 0.00 0.00
420.0 386.0 0.00 0.00
425.0 386.0 0.00 0.00
434.0 386.0 0.00 0.00
555.0 386.0 0.00 0.00
778.0 386.0 0.00 0.00
793.0 386.0 0.00 0.00
842.0 386.0 0.00 0.00
847.0 386.0 0.00 0.00
895.0 386.0 0.00 0.00
978.0 386.0 0.00 0.00
983.0 386.0 0.00 0.00
988.0 386.0 0.00 0.00
89.0 387.0 0.00 0.00
94.0 387.0 0.00 0.00
373.0 387.0 0.00 0.00
451.0 387.0 0.00 0.00
666.0 387.0 0.00 0.00
689.0 387.0 0.00 0.00
920.0 387.0 0.00 0.00
941.0 387.0 0.00 0.00
270.0 388.0 0.00 0.00
279.0 388.0 0.00 0.00
289.0 388.0 0.00 0.00
307.0 388.0 0.00 0.00
599.0 388.0 0.00 0.00
674.0 388.0 0.00 0.00
702.0 388.0 0.00 0.00
719.0 388.0 0.00 0.00
99.0 389.0 0.00 0.00
187.0 389.0 0.00 0.00
294.0 389.0 0.00 0.00
467.0 389.0 0.00 0.00
575.0 389.0 0.00 0.00
679.0 389.0 0.00 0.00
759.0 389.0 0.00 0.00
999.0 389.0 0.00 0.00
24.0 390.0 0.00 0.00
108.0 390.0 0.00 0.00
119.0 390.0 0.00 0.00
143.0 390.0 0.00 0.00
192.0 390.0 0.00 0.00
339.0 390.0 0.00 0.00
479.0 390.0 0.00 0.00
488.0 390.0 0.00 0.00
580.0 390.0 0.00 0.00
609.0 390.0 0.00 0.00
614.0 390.0 0.00 0.00
15.0 391.0 0.00 0.00
60.0 391.0 0.00 0.00
65.0 391.0 0.00 0.00
197.0 391.0 0.00 0.00
211.0 391.0 0.00 0.00
328.0 391.0 0.00 0.00
333.0 391.0 0.00 0.00
497.0 391.0 0.00 0.00
564.0 391.0 0.00 0.00
604.0 391.0 0.00 0.00
622.0 391.0 0.00 0.00
627.0 391.0 0.00 0.00
684.0 391.0 0.00 0.00
779.0 391.0 0.00 0.00
786.0 391.0 0.00 0.00
791.0 391.0 0.00 0.00
796.0 391.0 0.00 0.00
842.0 391.0 0.00 0.00
860.0 391.0 0.00 0.00
865.0 391.0 0.00 0.00
870.0 391.0 0.00 0.00
896.0 391.0 0.00 0.00
373.0 392.0 0.00 0.00
385.0 392.0 0.00 0.00
436.0 392.0 0.00 0.00
635.0 392.0 0.00 0.00
661.0 392.0 0.00 0.00
768.0 392.0 0.00 0.00
802.0 392.0 0.00 0.00
807.0 392.0 0.00 0.00
812.0 392.0 0.00 0.00
877.0 392.0 0.00 0.00
883.0 392.0 0.00 0.00
1012.0 392.0 0.00 0.00
149.0 393.0 0.00 0.00
159.0 393.0 0.00 0.00
217.0 393.0 0.00 0.00
306.0 393.0 0.00 0.00
418.0 393.0 0.00 0.00
534.0 393.0 0.00 0.00
557.0 393.0 0.00 0.00
649.0 393.0 0.00 0.00
749.0 393.0 0.00 0.00
975.0 393.0 0.00 0.00
980.0 393.0 0.00 0.00
45.0 394.0 0.00 0.00
187.0 394.0 0.00 0.00
204.0 394.0 0.00 0.00
278.0 394.0 0.00 0.00
292.0 394.0 0.00 0.00
365.0 394.0 0.00 0.00
702.0 394.0 0.00 0.00
743.0 394.0 0.00 0.00
754.0 394.0 0.00 0.00
759.0 394.0 0.00 0.00
826.0 394.0 0.00 0.00
902.0 394.0 0.00 0.00
915.0 394.0 0.00 0.00
990.0 394.0 0.00 0.00
8.0 395.0 0.00 0.00
107.0 395.0 0.00 0.00
119.0 395.0 0.00 0.00
192.0 395.0 0.00 0.00
540.0 395.0 0.00 0.00
673.0 395.0 0.00 0.00
732.0 395.0 0.00 0.00
738.0 395.0 0.00 0.00
907.0 395.0 0.00 0.00
170.0 396.0 0.00 0.00
243.0 396.0 0.00 0.00
271.0 396.0 0.00 0.00
840.0 396.0 0.00 0.00
32.0 397.0 0.00 0.00
37.0 397.0 0.00 0.00
140.0 397.0 0.00 0.00
165.0 397.0 0.00 0.00
226.0 397.0 0.00 0.00
231.0 397.0 0.00 0.00
236.0 397.0 0.00 0.00
248.0 397.0 0.00 0.00
256.0 397.0 0.00 0.00
261.0 397.0 0.00 0.00
266.0 397.0 0.00 0.00
436.0 397.0 0.00 0.00
520.0 397.0 0.00 0.00
525.0 397.0 0.00 0.00
589.0 397.0 0.00 0.00
683.0 397.0 0.00 0.00
711.0 397.0 0.00 0.00
723.0 397.0 0.00 0.00
769.0 397.0 0.00 0.00
779.0 397.0 0.00 0.00
835.0 397.0 0.00 0.00
160.0 398.0 0.00 0.00
850.0 398.0 0.00 0.00
967.0 398.0 0.00 0.00
26.0 399.0 0.00 0.00
130.0 399.0 0.00 0.00
135.0 399.0 0.00 0.00
185.0 399.0 0.00 0.00
278.0 399.0 0.00 0.00
343.0 399.0 0.00 0.00
472.0 399.0 0.00 0.00
486.0 399.0 0.00 0.00
657.0 399.0 0.00 0.00
698.0 399.0 0.00 0.00
855.0 399.0 0.00 0.00
860.0 399.0 0.00 0.00
917.0 399.0 0.00 0.00
1011.0 399.0 0.00 0.00
196.0 400.0 0.00 0.00
326.0 400.0 0.00 0.00
332.0 400.0 0.00 0.00
477.0 400.0 0.00 0.00
549.0 400.0 0.00 0.00
627.0 400.0 0.00 0.00
733.0 400.0 0.00 0.00
739.0 400.0 0.00 0.00
759.0 400.0 0.00 0.00
909.0 400.0 0.00 0.00
21.0 401.0 0.00 0.00
122.0 401.0 0.00 0.00
149.0 401.0 0.00 0.00
271.0 401.0 0.00 0.00
283.0 401.0 0.00 0.00
365.0 401.0 0.00 0.00
404.0 401.0 0.00 0.00
418.0 401.0 0.00 0.00
499.0 401.0 0.00 0.00
504.0 401.0 0.00 0.00
822.0 401.0 0.00 0.00
938.0 401.0 0.00 0.00
255.0 402.0 0.00 0.00
290.0 402.0 0.00 0.00
307.0 402.0 0.00 0.00
436.0 402.0 0.00 0.00
719.0 402.0 0.00 0.00
745.0 402.0 0.00 0.00
778.0 402.0 0.00 0.00
839.0 402.0 0.00 0.00
880.0 402.0 0.00 0.00
891.0 402.0 0.00 0.00
960.0 402.0 0.00 0.00
980.0 402.0 0.00 0.00
8.0 403.0 0.00 0.00
58.0 403.0 0.00 0.00
296.0 403.0 0.00 0.00
492.0 403.0 0.00 0.00
516.0 403.0 0.00 0.00
638.0 403.0 0.00 0.00
684.0 403.0 0.00 0.00
767.0 403.0 0.00 0.00
773.0 403.0 0.00 0.00
788.0 403.0 0.00 0.00
885.0 403.0 0.00 0.00
90.0 404.0 0.00 0.00
135.0 404.0 0.00 0.00
318.0 404.0 0.00 0.00
380.0 404.0 0.00 0.00
594.0 404.0 0.00 0.00
672.0 404.0 0.00 0.00
844.0 404.0 0.00 0.00
1011.0 404.0 0.00 0.00
95.0 405.0 0.00 0.00
172.0 405.0 0.00 0.00
197.0 405.0 0.00 0.00
203.0 405.0 0.00 0.00
313.0 405.0 0.00 0.00
333.0 405.0 0.00 0.00
530.0 405.0 0.00 0.00
618.0 405.0 0.00 0.00
647.0 405.0 0.00 0.00
902.0 405.0 0.00 0.00
947.0 405.0 0.00 0.00
270.0 406.0 0.00 0.00
366.0 406.0 0.00 0.00
419.0 406.0 0.00 0.00
536.0 406.0 0.00 0.00
541.0 406.0 0.00 0.00
697.0 406.0 0.00 0.00
702.0 406.0 0.00 0.00
825.0 406.0 0.00 0.00
13.0 407.0 0.00 0.00
109.0 407.0 0.00 0.00
185.0 407.0 0.00 0.00
463.0 407.0 0.00 0.00
468.0 407.0 0.00 0.00
487.0 407.0 0.00 0.00
578.0 407.0 0.00 0.00
720.0 407.0 0.00 0.00
725.0 407.0 0.00 0.00
757.0 407.0 0.00 0.00
830.0 407.0 0.00 0.00
916.0 407.0 0.00 0.00
956.0 407.0 0.00 0.00
8.0 408.0 0.00 0.00
100.0 408.0 0.00 0.00
140.0 408.0 0.00 0.00
148.0 408.0 0.00 0.00
230.0 408.0 0.00 0.00
245.0 408.0 0.00 0.00
451.0 408.0 0.00 0.00
474.0 408.0 0.00 0.00
492.0 408.0 0.00 0.00
516.0 408.0 0.00 0.00
552.0 408.0 0.00 0.00
558.0 408.0 0.00 0.00
565.0 408.0 0.00 0.00
573.0 408.0 0.00 0.00
586.0 408.0 0.00 0.00
734.0 408.0 0.00 0.00
773.0 408.0 0.00 0.00
974.0 408.0 0.00 0.00
979.0 408.0 0.00 0.00
999.0 408.0 0.00 0.00
158.0 409.0 0.00 0.00
192.0 409.0 0.00 0.00
217.0 409.0 0.00 0.00
300.0 409.0 0.00 0.00
591.0 409.0 0.00 0.00
597.0 409.0 0.00 0.00
708.0 409.0 0.00 0.00
713.0 409.0 0.00 0.00
118.0 410.0 0.00 0.00
153.0 410.0 0.00 0.00
257.0 410.0 0.00 0.00
279.0 410.0 0.00 0.00
310.0 410.0 0.00 0.00
380.0 410.0 0.00 0.00
503.0 410.0 0.00 0.00
508.0 410.0 0.00 0.00
662.0 410.0 0.00 0.00
749.0 410.0 0.00 0.00
180.0 411.0 0.00 0.00
290.0 411.0 0.00 0.00
364.0 411.0 0.00 0.00
419.0 411.0 0.00 0.00
498.0 411.0 0.00 0.00
700.0 411.0 0.00 0.00
787.0 411.0 0.00 0.00
852.0 411.0 0.00 0.00
925.0 411.0 0.00 0.00
944.0 411.0 0.00 0.00
31.0 412.0 0.00 0.00
725.0 412.0 0.00 0.00
759.0 412.0 0.00 0.00
764.0 412.0 0.00 0.00
781.0 412.0 0.00 0.00
794.0 412.0 0.00 0.00
956.0 412.0 0.00 0.00
969.0 412.0 0.00 0.00
36.0 413.0 0.00 0.00
41.0 413.0 0.00 0.00
99.0 413.0 0.00 0.00
144.0 413.0 0.00 0.00
165.0 413.0 0.00 0.00
342.0 413.0 0.00 0.00
451.0 413.0 0.00 0.00
475.0 413.0 0.00 0.00
492.0 413.0 0.00 0.00
516.0 413.0 0.00 0.00
619.0 413.0 0.00 0.00
624.0 413.0 0.00 0.00
631.0 413.0 0.00 0.00
636.0 413.0 0.00 0.00
773.0 413.0 0.00 0.00
995.0 413.0 0.00 0.00
1008.0 413.0 0.00 0.00
18.0 414.0 0.00 0.00
66.0 414.0 0.00 0.00
217.0 414.0 0.00 0.00
443.0 414.0 0.00 0.00
650.0 414.0 0.00 0.00
690.0 414.0 0.00 0.00
817.0 414.0 0.00 0.00
151.0 415.0 0.00 0.00
258.0 415.0 0.00 0.00
311.0 415.0 0.00 0.00
735.0 415.0 0.00 0.00
754.0 415.0 0.00 0.00
897.0 415.0 0.00 0.00
192.0 416.0 0.00 0.00
197.0 416.0 0.00 0.00
290.0 416.0 0.00 0.00
380.0 416.0 0.00 0.00
509.0 416.0 0.00 0.00
534.0 416.0 0.00 0.00
926.0 416.0 0.00 0.00
133.0 417.0 0.00 0.00
181.0 417.0 0.00 0.00
203.0 417.0 0.00 0.00
240.0 417.0 0.00 0.00
248.0 417.0 0.00 0.00
253.0 417.0 0.00 0.00
300.0 417.0 0.00 0.00
725.0 417.0 0.00 0.00
781.0 417.0 0.00 0.00
802.0 417.0 0.00 0.00
807.0 417.0 0.00 0.00
834.0 417.0 0.00 0.00
844.0 417.0 0.00 0.00
978.0 417.0 0.00 0.00
128.0 418.0 0.00 0.00
138.0 418.0 0.00 0.00
186.0 418.0 0.00 0.00
471.0 418.0 0.00 0.00
605.0 418.0 0.00 0.00
959.0 418.0 0.00 0.00
122.0 419.0 0.00 0.00
226.0 419.0 0.00 0.00
271.0 419.0 0.00 0.00
332.0 419.0 0.00 0.00
476.0 419.0 0.00 0.00
560.0 419.0 0.00 0.00
567.0 419.0 0.00 0.00
593.0 419.0 0.00 0.00
678.0 419.0 0.00 0.00
796.0 419.0 0.00 0.00
149.0 420.0 0.00 0.00
162.0 420.0 0.00 0.00
167.0 420.0 0.00 0.00
263.0 420.0 0.00 0.00
312.0 420.0 0.00 0.00
492.0 420.0 0.00 0.00
551.0 420.0 0.00 0.00
578.0 420.0 0.00 0.00
734.0 420.0 0.00 0.00
755.0 420.0 0.00 0.00
789.0 420.0 0.00 0.00
823.0 420.0 0.00 0.00
921.0 420.0 0.00 0.00
964.0 420.0 0.00 0.00
67.0 421.0 0.00 0.00
172.0 421.0 0.00 0.00
277.0 421.0 0.00 0.00
363.0 421.0 0.00 0.00
379.0 421.0 0.00 0.00
394.0 421.0 0.00 0.00
400.0 421.0 0.00 0.00
405.0 421.0 0.00 0.00
417.0 421.0 0.00 0.00
432.0 421.0 0.00 0.00
451.0 421.0 0.00 0.00
457.0 421.0 0.00 0.00
462.0 421.0 0.00 0.00
505.0 421.0 0.00 0.00
533.0 421.0 0.00 0.00
765.0 421.0 0.00 0.00
771.0 421.0 0.00 0.00
871.0 421.0 0.00 0.00
877.0 421.0 0.00 0.00
926.0 421.0 0.00 0.00
972.0 421.0 0.00 0.00
998.0 421.0 0.00 0.00
1008.0 421.0 0.00 0.00
109.0 422.0 0.00 0.00
143.0 422.0 0.00 0.00
179.0 422.0 0.00 0.00
203.0 422.0 0.00 0.00
368.0 422.0 0.00 0.00
373.0 422.0 0.00 0.00
600.0 422.0 0.00 0.00
725.0 422.0 0.00 0.00
780.0 422.0 0.00 0.00
852.0 422.0 0.00 0.00
886.0 422.0 0.00 0.00
977.0 422.0 0.00 0.00
99.0 423.0 0.00 0.00
104.0 423.0 0.00 0.00
157.0 423.0 0.00 0.00
282.0 423.0 0.00 0.00
437.0 423.0 0.00 0.00
482.0 423.0 0.00 0.00
500.0 423.0 0.00 0.00
663.0 423.0 0.00 0.00
692.0 423.0 0.00 0.00
899.0 423.0 0.00 0.00
936.0 423.0 0.00 0.00
12.0 424.0 0.00 0.00
94.0 424.0 0.00 0.00
216.0 424.0 0.00 0.00
287.0 424.0 0.00 0.00
300.0 424.0 0.00 0.00
556.0 424.0 0.00 0.00
561.0 424.0 0.00 0.00
567.0 424.0 0.00 0.00
592.0 424.0 0.00 0.00
80.0 425.0 0.00 0.00
85.0 425.0 0.00 0.00
167.0 425.0 0.00 0.00
350.0 425.0 0.00 0.00
515.0 425.0 0.00 0.00
550.0 425.0 0.00 0.00
580.0 425.0 0.00 0.00
613.0 425.0 0.00 0.00
824.0 425.0 0.00 0.00
914.0 425.0 0.00 0.00
919.0 425.0 0.00 0.00
68.0 426.0 0.00 0.00
122.0 426.0 0.00 0.00
172.0 426.0 0.00 0.00
250.0 426.0 0.00 0.00
264.0 426.0 0.00 0.00
338.0 426.0 0.00 0.00
343.0 426.0 0.00 0.00
379.0 426.0 0.00 0.00
426.0 426.0 0.00 0.00
522.0 426.0 0.00 0.00
527.0 426.0 0.00 0.00
532.0 426.0 0.00 0.00
622.0 426.0 0.00 0.00
732.0 426.0 0.00 0.00
758.0 426.0 0.00 0.00
771.0 426.0 0.00 0.00
838.0 426.0 0.00 0.00
877.0 426.0 0.00 0.00
928.0 426.0 0.00 0.00
24.0 427.0 0.00 0.00
30.0 427.0 0.00 0.00
75.0 427.0 0.00 0.00
178.0 427.0 0.00 0.00
183.0 427.0 0.00 0.00
540.0 427.0 0.00 0.00
765.0 427.0 0.00 0.00
962.0 427.0 0.00 0.00
971.0 427.0 0.00 0.00
37.0 428.0 0.00 0.00
45.0 428.0 0.00 0.00
55.0 428.0 0.00 0.00
63.0 428.0 0.00 0.00
131.0 428.0 0.00 0.00
470.0 428.0 0.00 0.00
482.0 428.0 0.00 0.00
634.0 428.0 0.00 0.00
714.0 428.0 0.00 0.00
793.0 428.0 0.00 0.00
868.0 428.0 0.00 0.00
899.0 428.0 0.00 0.00
50.0 429.0 0.00 0.00
136.0 429.0 0.00 0.00
191.0 429.0 0.00 0.00
200.0 429.0 0.00 0.00
238.0 429.0 0.00 0.00
244.0 429.0 0.00 0.00
273.0 429.0 0.00 0.00
295.0 429.0 0.00 0.00
460.0 429.0 0.00 0.00
493.0 429.0 0.00 0.00
562.0 429.0 0.00 0.00
673.0 429.0 0.00 0.00
863.0 429.0 0.00 0.00
982.0 429.0 0.00 0.00
205.0 430.0 0.00 0.00
258.0 430.0 0.00 0.00
313.0 430.0 0.00 0.00
567.0 430.0 0.00 0.00
580.0 430.0 0.00 0.00
784.0 430.0 0.00 0.00
804.0 430.0 0.00 0.00
822.0 430.0 0.00 0.00
914.0 430.0 0.00 0.00
987.0 430.0 0.00 0.00
172.0 431.0 0.00 0.00
253.0 431.0 0.00 0.00
263.0 431.0 0.00 0.00
425.0 431.0 0.00 0.00
680.0 431.0 0.00 0.00
685.0 431.0 0.00 0.00
690.0 431.0 0.00 0.00
852.0 431.0 0.00 0.00
210.0 432.0 0.00 0.00
541.0 432.0 0.00 0.00
557.0 432.0 0.00 0.00
585.0 432.0 0.00 0.00
759.0 432.0 0.00 0.00
776.0 432.0 0.00 0.00
962.0 432.0 0.00 0.00
37.0 433.0 0.00 0.00
119.0 433.0 0.00 0.00
149.0 433.0 0.00 0.00
342.0 433.0 0.00 0.00
379.0 433.0 0.00 0.00
395.0 433.0 0.00 0.00
481.0 433.0 0.00 0.00
502.0 433.0 0.00 0.00
552.0 433.0 0.00 0.00
594.0 433.0 0.00 0.00
616.0 433.0 0.00 0.00
876.0 433.0 0.00 0.00
68.0 434.0 0.00 0.00
113.0 434.0 0.00 0.00
124.0 434.0 0.00 0.00
130.0 434.0 0.00 0.00
135.0 434.0 0.00 0.00
284.0 434.0 0.00 0.00
460.0 434.0 0.00 0.00
493.0 434.0 0.00 0.00
673.0 434.0 0.00 0.00
177.0 435.0 0.00 0.00
182.0 435.0 0.00 0.00
219.0 435.0 0.00 0.00
414.0 435.0 0.00 0.00
529.0 435.0 0.00 0.00
608.0 435.0 0.00 0.00
659.0 435.0 0.00 0.00
734.0 435.0 0.00 0.00
743.0 435.0 0.00 0.00
787.0 435.0 0.00 0.00
802.0 435.0 0.00 0.00
821.0 435.0 0.00 0.00
1012.0 435.0 0.00 0.00
79.0 436.0 0.00 0.00
91.0 436.0 0.00 0.00
172.0 436.0 0.00 0.00
191.0 436.0 0.00 0.00
197.0 436.0 0.00 0.00
370.0 436.0 0.00 0.00
423.0 436.0 0.00 0.00
515.0 436.0 0.00 0.00
569.0 436.0 0.00 0.00
834.0 436.0 0.00 0.00
97.0 437.0 0.00 0.00
144.0 437.0 0.00 0.00
231.0 437.0 0.00 0.00
237.0 437.0 0.00 0.00
271.0 437.0 0.00 0.00
360.0 437.0 0.00 0.00
561.0 437.0 0.00 0.00
632.0 437.0 0.00 0.00
725.0 437.0 0.00 0.00
792.0 437.0 0.00 0.00
797.0 437.0 0.00 0.00
839.0 437.0 0.00 0.00
995.0 437.0 0.00 0.00
56.0 438.0 0.00 0.00
250.0 438.0 0.00 0.00
345.0 438.0 0.00 0.00
395.0 438.0 0.00 0.00
620.0 438.0 0.00 0.00
648.0 438.0 0.00 0.00
695.0 438.0 0.00 0.00
860.0 438.0 0.00 0.00
25.0 439.0 0.00 0.00
121.0 439.0 0.00 0.00
261.0 439.0 0.00 0.00
459.0 439.0 0.00 0.00
480.0 439.0 0.00 0.00
578.0 439.0 0.00 0.00
583.0 439.0 0.00 0.00
720.0 439.0 0.00 0.00
769.0 439.0 0.00 0.00
37.0 440.0 0.00 0.00
134.0 440.0 0.00 0.00
139.0 440.0 0.00 0.00
157.0 440.0 0.00 0.00
180.0 440.0 0.00 0.00
185.0 440.0 0.00 0.00
413.0 440.0 0.00 0.00
783.0 440.0 0.00 0.00
821.0 440.0 0.00 0.00
851.0 440.0 0.00 0.00
108.0 441.0 0.00 0.00
162.0 441.0 0.00 0.00
167.0 441.0 0.00 0.00
172.0 441.0 0.00 0.00
190.0 441.0 0.00 0.00
197.0 441.0 0.00 0.00
315.0 441.0 0.00 0.00
423.0 441.0 0.00 0.00
514.0 441.0 0.00 0.00
549.0 441.0 0.00 0.00
828.0 441.0 0.00 0.00
898.0 441.0 0.00 0.00
916.0 441.0 0.00 0.00
230.0 442.0 0.00 0.00
276.0 442.0 0.00 0.00
281.0 442.0 0.00 0.00
324.0 442.0 0.00 0.00
521.0 442.0 0.00 0.00
876.0 442.0 0.00 0.00
934.0 442.0 0.00 0.00
1012.0 442.0 0.00 0.00
148.0 443.0 0.00 0.00
294.0 443.0 0.00 0.00
394.0 443.0 0.00 0.00
497.0 443.0 0.00 0.00
596.0 443.0 0.00 0.00
625.0 443.0 0.00 0.00
120.0 444.0 0.00 0.00
220.0 444.0 0.00 0.00
304.0 444.0 0.00 0.00
371.0 444.0 0.00 0.00
383.0 444.0 0.00 0.00
460.0 444.0 0.00 0.00
644.0 444.0 0.00 0.00
771.0 444.0 0.00 0.00
776.0 444.0 0.00 0.00
12.0 445.0 0.00 0.00
73.0 445.0 0.00 0.00
88.0 445.0 0.00 0.00
180.0 445.0 0.00 0.00
569.0 445.0 0.00 0.00
808.0 445.0 0.00 0.00
813.0 445.0 0.00 0.00
192.0 446.0 0.00 0.00
197.0 446.0 0.00 0.00
448.0 446.0 0.00 0.00
529.0 446.0 0.00 0.00
548.0 446.0 0.00 0.00
555.0 446.0 0.00 0.00
585.0 446.0 0.00 0.00
630.0 446.0 0.00 0.00
721.0 446.0 0.00 0.00
802.0 446.0 0.00 0.00
881.0 446.0 0.00 0.00
187.0 447.0 0.00 0.00
247.0 447.0 0.00 0.00
253.0 447.0 0.00 0.00
281.0 447.0 0.00 0.00
286.0 447.0 0.00 0.00
334.0 447.0 0.00 0.00
422.0 447.0 0.00 0.00
926.0 447.0 0.00 0.00
945.0 447.0 0.00 0.00
994.0 447.0 0.00 0.00
29.0 448.0 0.00 0.00
148.0 448.0 0.00 0.00
159.0 448.0 0.00 0.00
231.0 448.0 0.00 0.00
272.0 448.0 0.00 0.00
294.0 448.0 0.00 0.00
400.0 448.0 0.00 0.00
405.0 448.0 0.00 0.00
600.0 448.0 0.00 0.00
622.0 448.0 0.00 0.00
820.0 448.0 0.00 0.00
974.0 448.0 0.00 0.00
172.0 449.0 0.00 0.00
202.0 449.0 0.00 0.00
299.0 449.0 0.00 0.00
467.0 449.0 0.00 0.00
472.0 449.0 0.00 0.00
658.0 449.0 0.00 0.00
792.0 449.0 0.00 0.00
841.0 449.0 0.00 0.00
207.0 450.0 0.00 0.00
236.0 450.0 0.00 0.00
258.0 450.0 0.00 0.00
383.0 450.0 0.00 0.00
511.0 450.0 0.00 0.00
543.0 450.0 0.00 0.00
851.0 450.0 0.00 0.00
860.0 450.0 0.00 0.00
960.0 450.0 0.00 0.00
153.0 451.0 0.00 0.00
447.0 451.0 0.00 0.00
460.0 451.0 0.00 0.00
499.0 451.0 0.00 0.00
528.0 451.0 0.00 0.00
749.0 451.0 0.00 0.00
987.0 451.0 0.00 0.00
97.0 452.0 0.00 0.00
212.0 452.0 0.00 0.00
218.0 452.0 0.00 0.00
370.0 452.0 0.00 0.00
565.0 452.0 0.00 0.00
827.0 452.0 0.00 0.00
832.0 452.0 0.00 0.00
1012.0 452.0 0.00 0.00
33.0 453.0 0.00 0.00
134.0 453.0 0.00 0.00
143.0 453.0 0.00 0.00
148.0 453.0 0.00 0.00
183.0 453.0 0.00 0.00
188.0 453.0 0.00 0.00
571.0 453.0 0.00 0.00
586.0 453.0 0.00 0.00
647.0 453.0 0.00 0.00
868.0 453.0 0.00 0.00
873.0 453.0 0.00 0.00
950.0 453.0 0.00 0.00
995.0 453.0 0.00 0.00
20.0 454.0 0.00 0.00
86.0 454.0 0.00 0.00
122.0 454.0 0.00 0.00
127.0 454.0 0.00 0.00
160.0 454.0 0.00 0.00
165.0 454.0 0.00 0.00
173.0 454.0 0.00 0.00
393.0 454.0 0.00 0.00
608.0 454.0 0.00 0.00
652.0 454.0 0.00 0.00
657.0 454.0 0.00 0.00
792.0 454.0 0.00 0.00
70.0 455.0 0.00 0.00
207.0 455.0 0.00 0.00
239.0 455.0 0.00 0.00
245.0 455.0 0.00 0.00
282.0 455.0 0.00 0.00
345.0 455.0 0.00 0.00
543.0 455.0 0.00 0.00
727.0 455.0 0.00 0.00
805.0 455.0 0.00 0.00
913.0 455.0 0.00 0.00
53.0 456.0 0.00 0.00
110.0 456.0 0.00 0.00
153.0 456.0 0.00 0.00
229.0 456.0 0.00 0.00
256.0 456.0 0.00 0.00
271.0 456.0 0.00 0.00
277.0 456.0 0.00 0.00
445.0 456.0 0.00 0.00
527.0 456.0 0.00 0.00
622.0 456.0 0.00 0.00
742.0 456.0 0.00 0.00
767.0 456.0 0.00 0.00
897.0 456.0 0.00 0.00
939.0 456.0 0.00 0.00
197.0 457.0 0.00 0.00
292.0 457.0 0.00 0.00
406.0 457.0 0.00 0.00
440.0 457.0 0.00 0.00
600.0 457.0 0.00 0.00
636.0 457.0 0.00 0.00
714.0 457.0 0.00 0.00
818.0 457.0 0.00 0.00
848.0 457.0 0.00 0.00
926.0 457.0 0.00 0.00
97.0 458.0 0.00 0.00
144.0 458.0 0.00 0.00
555.0 458.0 0.00 0.00
701.0 458.0 0.00 0.00
748.0 458.0 0.00 0.00
871.0 458.0 0.00 0.00
953.0 458.0 0.00 0.00
981.0 458.0 0.00 0.00
995.0 458.0 0.00 0.00
31.0 459.0 0.00 0.00
134.0 459.0 0.00 0.00
166.0 459.0 0.00 0.00
189.0 459.0 0.00 0.00
212.0 459.0 0.00 0.00
431.0 459.0 0.00 0.00
649.0 459.0 0.00 0.00
654.0 459.0 0.00 0.00
671.0 459.0 0.00 0.00
70.0 460.0 0.00 0.00
172.0 460.0 0.00 0.00
207.0 460.0 0.00 0.00
321.0 460.0 0.00 0.00
419.0 460.0 0.00 0.00
544.0 460.0 0.00 0.00
36.0 461.0 0.00 0.00
153.0 461.0 0.00 0.00
158.0 461.0 0.00 0.00
233.0 461.0 0.00 0.00
256.0 461.0 0.00 0.00
414.0 461.0 0.00 0.00
424.0 461.0 0.00 0.00
485.0 461.0 0.00 0.00
526.0 461.0 0.00 0.00
588.0 461.0 0.00 0.00
642.0 461.0 0.00 0.00
685.0 461.0 0.00 0.00
742.0 461.0 0.00 0.00
961.0 461.0 0.00 0.00
221.0 462.0 0.00 0.00
251.0 462.0 0.00 0.00
311.0 462.0 0.00 0.00
392.0 462.0 0.00 0.00
513.0 462.0 0.00 0.00
690.0 462.0 0.00 0.00
819.0 462.0 0.00 0.00
848.0 462.0 0.00 0.00
47.0 463.0 0.00 0.00
145.0 463.0 0.00 0.00
305.0 463.0 0.00 0.00
609.0 463.0 0.00 0.00
697.0 463.0 0.00 0.00
702.0 463.0 0.00 0.00
717.0 463.0 0.00 0.00
860.0 463.0 0.00 0.00
872.0 463.0 0.00 0.00
124.0 464.0 0.00 0.00
130.0 464.0 0.00 0.00
135.0 464.0 0.00 0.00
177.0 464.0 0.00 0.00
182.0 464.0 0.00 0.00
212.0 464.0 0.00 0.00
263.0 464.0 0.00 0.00
272.0 464.0 0.00 0.00
458.0 464.0 0.00 0.00
16.0 465.0 0.00 0.00
56.0 465.0 0.00 0.00
198.0 465.0 0.00 0.00
277.0 465.0 0.00 0.00
446.0 465.0 0.00 0.00
556.0 465.0 0.00 0.00
571.0 465.0 0.00 0.00
580.0 465.0 0.00 0.00
733.0 465.0 0.00 0.00
371.0 466.0 0.00 0.00
413.0 466.0 0.00 0.00
473.0 466.0 0.00 0.00
494.0 466.0 0.00 0.00
527.0 466.0 0.00 0.00
561.0 466.0 0.00 0.00
566.0 466.0 0.00 0.00
587.0 466.0 0.00 0.00
684.0 466.0 0.00 0.00
739.0 466.0 0.00 0.00
82.0 467.0 0.00 0.00
98.0 467.0 0.00 0.00
140.0 467.0 0.00 0.00
154.0 467.0 0.00 0.00
164.0 467.0 0.00 0.00
193.0 467.0 0.00 0.00
206.0 467.0 0.00 0.00
241.0 467.0 0.00 0.00
283.0 467.0 0.00 0.00
288.0 467.0 0.00 0.00
382.0 467.0 0.00 0.00
634.0 467.0 0.00 0.00
785.0 467.0 0.00 0.00
841.0 467.0 0.00 0.00
849.0 467.0 0.00 0.00
924.0 467.0 0.00 0.00
172.0 468.0 0.00 0.00
619.0 468.0 0.00 0.00
624.0 468.0 0.00 0.00
629.0 468.0 0.00 0.00
854.0 468.0 0.00 0.00
871.0 468.0 0.00 0.00
911.0 468.0 0.00 0.00
186.0 469.0 0.00 0.00
211.0 469.0 0.00 0.00
269.0 469.0 0.00 0.00
323.0 469.0 0.00 0.00
405.0 469.0 0.00 0.00
544.0 469.0 0.00 0.00
549.0 469.0 0.00 0.00
896.0 469.0 0.00 0.00
250.0 470.0 0.00 0.00
389.0 470.0 0.00 0.00
674.0 470.0 0.00 0.00
679.0 470.0 0.00 0.00
44.0 471.0 0.00 0.00
55.0 471.0 0.00 0.00
105.0 471.0 0.00 0.00
201.0 471.0 0.00 0.00
297.0 471.0 0.00 0.00
371.0 471.0 0.00 0.00
482.0 471.0 0.00 0.00
493.0 471.0 0.00 0.00
503.0 471.0 0.00 0.00
516.0 471.0 0.00 0.00
717.0 471.0 0.00 0.00
255.0 472.0 0.00 0.00
292.0 472.0 0.00 0.00
455.0 472.0 0.00 0.00
786.0 472.0 0.00 0.00
798.0 472.0 0.00 0.00
146.0 473.0 0.00 0.00
154.0 473.0 0.00 0.00
174.0 473.0 0.00 0.00
236.0 473.0 0.00 0.00
260.0 473.0 0.00 0.00
536.0 473.0 0.00 0.00
587.0 473.0 0.00 0.00
602.0 473.0 0.00 0.00
803.0 473.0 0.00 0.00
817.0 473.0 0.00 0.00
855.0 473.0 0.00 0.00
871.0 473.0 0.00 0.00
1015.0 473.0 0.00 0.00
137.0 474.0 0.00 0.00
269.0 474.0 0.00 0.00
307.0 474.0 0.00 0.00
323.0 474.0 0.00 0.00
403.0 474.0 0.00 0.00
422.0 474.0 0.00 0.00
445.0 474.0 0.00 0.00
631.0 474.0 0.00 0.00
995.0 474.0 0.00 0.00
129.0 475.0 0.00 0.00
184.0 475.0 0.00 0.00
219.0 475.0 0.00 0.00
247.0 475.0 0.00 0.00
389.0 475.0 0.00 0.00
412.0 475.0 0.00 0.00
498.0 475.0 0.00 0.00
169.0 476.0 0.00 0.00
179.0 476.0 0.00 0.00
193.0 476.0 0.00 0.00
231.0 476.0 0.00 0.00
362.0 476.0 0.00 0.00
479.0 476.0 0.00 0.00
11.0 477.0 0.00 0.00
201.0 477.0 0.00 0.00
274.0 477.0 0.00 0.00
279.0 477.0 0.00 0.00
351.0 477.0 0.00 0.00
474.0 477.0 0.00 0.00
829.0 477.0 0.00 0.00
58.0 478.0 0.00 0.00
146.0 478.0 0.00 0.00
260.0 478.0 0.00 0.00
560.0 478.0 0.00 0.00
565.0 478.0 0.00 0.00
666.0 478.0 0.00 0.00
134.0 479.0 0.00 0.00
140.0 479.0 0.00 0.00
158.0 479.0 0.00 0.00
324.0 479.0 0.00 0.00
331.0 479.0 0.00 0.00
403.0 479.0 0.00 0.00
422.0 479.0 0.00 0.00
469.0 479.0 0.00 0.00
528.0 479.0 0.00 0.00
936.0 479.0 0.00 0.00
943.0 479.0 0.00 0.00
151.0 480.0 0.00 0.00
244.0 480.0 0.00 0.00
292.0 480.0 0.00 0.00
340.0 480.0 0.00 0.00
413.0 480.0 0.00 0.00
519.0 480.0 0.00 0.00
570.0 480.0 0.00 0.00
875.0 480.0 0.00 0.00
911.0 480.0 0.00 0.00
71.0 481.0 0.00 0.00
187.0 481.0 0.00 0.00
487.0 481.0 0.00 0.00
201.0 482.0 0.00 0.00
548.0 482.0 0.00 0.00
978.0 482.0 0.00 0.00
389.0 483.0 0.00 0.00
543.0 483.0 0.00 0.00
644.0 483.0 0.00 0.00
901.0 483.0 0.00 0.00
133.0 484.0 0.00 0.00
157.0 484.0 0.00 0.00
252.0 484.0 0.00 0.00
257.0 484.0 0.00 0.00
309.0 484.0 0.00 0.00
403.0 484.0 0.00 0.00
461.0 484.0 0.00 0.00
634.0 484.0 0.00 0.00
639.0 484.0 0.00 0.00
952.0 484.0 0.00 0.00
174.0 485.0 0.00 0.00
216.0 485.0 0.00 0.00
262.0 485.0 0.00 0.00
267.0 485.0 0.00 0.00
366.0 485.0 0.00 0.00
471.0 485.0 0.00 0.00
482.0 485.0 0.00 0.00
604.0 485.0 0.00 0.00
625.0 485.0 0.00 0.00
836.0 485.0 0.00 0.00
162.0 486.0 0.00 0.00
167.0 486.0 0.00 0.00
196.0 486.0 0.00 0.00
236.0 486.0 0.00 0.00
322.0 486.0 0.00 0.00
487.0 486.0 0.00 0.00
85.0 487.0 0.00 0.00
140.0 487.0 0.00 0.00
147.0 487.0 0.00 0.00
299.0 487.0 0.00 0.00
496.0 487.0 0.00 0.00
730.0 487.0 0.00 0.00
940.0 487.0 0.00 0.00
994.0 487.0 0.00 0.00
183.0 488.0 0.00 0.00
501.0 488.0 0.00 0.00
132.0 489.0 0.00 0.00
402.0 489.0 0.00 0.00
460.0 489.0 0.00 0.00
527.0 489.0 0.00 0.00
586.0 489.0 0.00 0.00
754.0 489.0 0.00 0.00
201.0 490.0 0.00 0.00
245.0 490.0 0.00 0.00
278.0 490.0 0.00 0.00
285.0 490.0 0.00 0.00
386.0 490.0 0.00 0.00
441.0 490.0 0.00 0.00
472.0 490.0 0.00 0.00
506.0 490.0 0.00 0.00
724.0 490.0 0.00 0.00
160.0 491.0 0.00 0.00
218.0 491.0 0.00 0.00
258.0 491.0 0.00 0.00
293.0 491.0 0.00 0.00
324.0 491.0 0.00 0.00
333.0 491.0 0.00 0.00
678.0 491.0 0.00 0.00
767.0 491.0 0.00 0.00
12.0 492.0 0.00 0.00
77.0 492.0 0.00 0.00
110.0 492.0 0.00 0.00
360.0 492.0 0.00 0.00
493.0 492.0 0.00 0.00
544.0 492.0 0.00 0.00
554.0 492.0 0.00 0.00
576.0 492.0 0.00 0.00
784.0 492.0 0.00 0.00
914.0 492.0 0.00 0.00
976.0 492.0 0.00 0.00
981.0 492.0 0.00 0.00
150.0 493.0 0.00 0.00
184.0 493.0 0.00 0.00
253.0 493.0 0.00 0.00
350.0 493.0 0.00 0.00
355.0 493.0 0.00 0.00
376.0 493.0 0.00 0.00
432.0 493.0 0.00 0.00
451.0 493.0 0.00 0.00
549.0 493.0 0.00 0.00
794.0 493.0 0.00 0.00
928.0 493.0 0.00 0.00
933.0 493.0 0.00 0.00
962.0 493.0 0.00 0.00
993.0 493.0 0.00 0.00
131.0 494.0 0.00 0.00
422.0 494.0 0.00 0.00
427.0 494.0 0.00 0.00
562.0 494.0 0.00 0.00
586.0 494.0 0.00 0.00
604.0 494.0 0.00 0.00
828.0 494.0 0.00 0.00
833.0 494.0 0.00 0.00
838.0 494.0 0.00 0.00
852.0 494.0 0.00 0.00
938.0 494.0 0.00 0.00
943.0 494.0 0.00 0.00
64.0 495.0 0.00 0.00
202.0 495.0 0.00 0.00
385.0 495.0 0.00 0.00
413.0 495.0 0.00 0.00
530.0 495.0 0.00 0.00
871.0 495.0 0.00 0.00
881.0 495.0 0.00 0.00
987.0 495.0 0.00 0.00
141.0 496.0 0.00 0.00
159.0 496.0 0.00 0.00
179.0 496.0 0.00 0.00
246.0 496.0 0.00 0.00
310.0 496.0 0.00 0.00
612.0 496.0 0.00 0.00
716.0 496.0 0.00 0.00
955.0 496.0 0.00 0.00
53.0 497.0 0.00 0.00
78.0 497.0 0.00 0.00
463.0 497.0 0.00 0.00
639.0 497.0 0.00 0.00
687.0 497.0 0.00 0.00
19.0 498.0 0.00 0.00
147.0 498.0 0.00 0.00
191.0 498.0 0.00 0.00
196.0 498.0 0.00 0.00
212.0 498.0 0.00 0.00
289.0 498.0 0.00 0.00
324.0 498.0 0.00 0.00
451.0 498.0 0.00 0.00
492.0 498.0 0.00 0.00
551.0 498.0 0.00 0.00
663.0 498.0 0.00 0.00
890.0 498.0 0.00 0.00
994.0 498.0 0.00 0.00
136.0 499.0 0.00 0.00
167.0 499.0 0.00 0.00
258.0 499.0 0.00 0.00
273.0 499.0 0.00 0.00
278.0 499.0 0.00 0.00
283.0 499.0 0.00 0.00
398.0 499.0 0.00 0.00
578.0 499.0 0.00 0.00
583.0 499.0 0.00 0.00
588.0 499.0 0.00 0.00
822.0 499.0 0.00 0.00
98.0 500.0 0.00 0.00
174.0 500.0 0.00 0.00
263.0 500.0 0.00 0.00
268.0 500.0 0.00 0.00
364.0 500.0 0.00 0.00
427.0 500.0 0.00 0.00
752.0 500.0 0.00 0.00
968.0 500.0 0.00 0.00
988.0 500.0 0.00 0.00
8.0 501.0 0.00 0.00
31.0 501.0 0.00 0.00
128.0 501.0 0.00 0.00
179.0 501.0 0.00 0.00
201.0 501.0 0.00 0.00
251.0 501.0 0.00 0.00
304.0 501.0 0.00 0.00
309.0 501.0 0.00 0.00
344.0 501.0 0.00 0.00
880.0 501.0 0.00 0.00
917.0 501.0 0.00 0.00
926.0 501.0 0.00 0.00
955.0 501.0 0.00 0.00
52.0 502.0 0.00 0.00
218.0 502.0 0.00 0.00
386.0 502.0 0.00 0.00
899.0 502.0 0.00 0.00
147.0 503.0 0.00 0.00
211.0 503.0 0.00 0.00
324.0 503.0 0.00 0.00
492.0 503.0 0.00 0.00
566.0 503.0 0.00 0.00
910.0 503.0 0.00 0.00
983.0 503.0 0.00 0.00
994.0 503.0 0.00 0.00
1001.0 503.0 0.00 0.00
82.0 504.0 0.00 0.00
133.0 504.0 0.00 0.00
184.0 504.0 0.00 0.00
287.0 504.0 0.00 0.00
292.0 504.0 0.00 0.00
297.0 504.0 0.00 0.00
507.0 504.0 0.00 0.00
578.0 504.0 0.00 0.00
610.0 504.0 0.00 0.00
731.0 504.0 0.00 0.00
741.0 504.0 0.00 0.00
837.0 504.0 0.00 0.00
1010.0 504.0 0.00 0.00
1015.0 504.0 0.00 0.00
47.0 505.0 0.00 0.00
66.0 505.0 0.00 0.00
71.0 505.0 0.00 0.00
230.0 505.0 0.00 0.00
264.0 505.0 0.00 0.00
282.0 505.0 0.00 0.00
357.0 505.0 0.00 0.00
423.0 505.0 0.00 0.00
752.0 505.0 0.00 0.00
825.0 505.0 0.00 0.00
964.0 505.0 0.00 0.00
197.0 506.0 0.00 0.00
398.0 506.0 0.00 0.00
677.0 506.0 0.00 0.00
880.0 506.0 0.00 0.00
192.0 507.0 0.00 0.00
335.0 507.0 0.00 0.00
377.0 507.0 0.00 0.00
973.0 507.0 0.00 0.00
989.0 507.0 0.00 0.00
207.0 508.0 0.00 0.00
212.0 508.0 0.00 0.00
311.0 508.0 0.00 0.00
340.0 508.0 0.00 0.00
432.0 508.0 0.00 0.00
527.0 508.0 0.00 0.00
603.0 508.0 0.00 0.00
699.0 508.0 0.00 0.00
935.0 508.0 0.00 0.00
946.0 508.0 0.00 0.00
999.0 508.0 0.00 0.00
61.0 509.0 0.00 0.00
124.0 509.0 0.00 0.00
143.0 509.0 0.00 0.00
183.0 509.0 0.00 0.00
287.0 509.0 0.00 0.00
365.0 509.0 0.00 0.00
578.0 509.0 0.00 0.00
920.0 509.0 0.00 0.00
92.0 510.0 0.00 0.00
251.0 510.0 0.00 0.00
264.0 510.0 0.00 0.00
276.0 510.0 0.00 0.00
358.0 510.0 0.00 0.00
463.0 510.0 0.00 0.00
584.0 510.0 0.00 0.00
643.0 510.0 0.00 0.00
714.0 510.0 0.00 0.00
785.0 510.0 0.00 0.00
964.0 510.0 0.00 0.00
397.0 511.0 0.00 0.00
409.0 511.0 0.00 0.00
476.0 511.0 0.00 0.00
598.0 511.0 0.00 0.00
622.0 511.0 0.00 0.00
627.0 511.0 0.00 0.00
638.0 511.0 0.00 0.00
720.0 511.0 0.00 0.00
978.0 511.0 0.00 0.00
47.0 512.0 0.00 0.00
130.0 512.0 0.00 0.00
353.0 512.0 0.00 0.00
469.0 512.0 0.00 0.00
753.0 512.0 0.00 0.00
900.0 512.0 0.00 0.00
909.0 512.0 0.00 0.00
39.0 513.0 0.00 0.00
135.0 513.0 0.00 0.00
173.0 513.0 0.00 0.00
214.0 513.0 0.00 0.00
223.0 513.0 0.00 0.00
292.0 513.0 0.00 0.00
330.0 513.0 0.00 0.00
487.0 513.0 0.00 0.00
527.0 513.0 0.00 0.00
853.0 513.0 0.00 0.00
936.0 513.0 0.00 0.00
990.0 513.0 0.00 0.00
1001.0 513.0 0.00 0.00
24.0 514.0 0.00 0.00
112.0 514.0 0.00 0.00
182.0 514.0 0.00 0.00
230.0 514.0 0.00 0.00
271.0 514.0 0.00 0.00
310.0 514.0 0.00 0.00
735.0 514.0 0.00 0.00
816.0 514.0 0.00 0.00
919.0 514.0 0.00 0.00
71.0 515.0 0.00 0.00
263.0 515.0 0.00 0.00
301.0 515.0 0.00 0.00
805.0 515.0 0.00 0.00
914.0 515.0 0.00 0.00
8.0 516.0 0.00 0.00
80.0 516.0 0.00 0.00
152.0 516.0 0.00 0.00
253.0 516.0 0.00 0.00
863.0 516.0 0.00 0.00
971.0 516.0 0.00 0.00
318.0 517.0 0.00 0.00
424.0 517.0 0.00 0.00
572.0 517.0 0.00 0.00
597.0 517.0 0.00 0.00
716.0 517.0 0.00 0.00
745.0 517.0 0.00 0.00
750.0 517.0 0.00 0.00
900.0 517.0 0.00 0.00
909.0 517.0 0.00 0.00
931.0 517.0 0.00 0.00
323.0 518.0 0.00 0.00
330.0 518.0 0.00 0.00
338.0 518.0 0.00 0.00
447.0 518.0 0.00 0.00
489.0 518.0 0.00 0.00
677.0 518.0 0.00 0.00
825.0 518.0 0.00 0.00
112.0 519.0 0.00 0.00
121.0 519.0 0.00 0.00
126.0 519.0 0.00 0.00
183.0 519.0 0.00 0.00
243.0 519.0 0.00 0.00
248.0 519.0 0.00 0.00
296.0 519.0 0.00 0.00
512.0 519.0 0.00 0.00
577.0 519.0 0.00 0.00
704.0 519.0 0.00 0.00
721.0 519.0 0.00 0.00
755.0 519.0 0.00 0.00
873.0 519.0 0.00 0.00
883.0 519.0 0.00 0.00
262.0 520.0 0.00 0.00
284.0 520.0 0.00 0.00
309.0 520.0 0.00 0.00
400.0 520.0 0.00 0.00
519.0 520.0 0.00 0.00
695.0 520.0 0.00 0.00
709.0 520.0 0.00 0.00
780.0 520.0 0.00 0.00
808.0 520.0 0.00 0.00
926.0 520.0 0.00 0.00
98.0 521.0 0.00 0.00
191.0 521.0 0.00 0.00
254.0 521.0 0.00 0.00
268.0 521.0 0.00 0.00
384.0 521.0 0.00 0.00
625.0 521.0 0.00 0.00
645.0 521.0 0.00 0.00
730.0 521.0 0.00 0.00
793.0 521.0 0.00 0.00
889.0 521.0 0.00 0.00
1007.0 521.0 0.00 0.00
15.0 522.0 0.00 0.00
228.0 522.0 0.00 0.00
301.0 522.0 0.00 0.00
525.0 522.0 0.00 0.00
620.0 522.0 0.00 0.00
788.0 522.0 0.00 0.00
943.0 522.0 0.00 0.00
972.0 522.0 0.00 0.00
999.0 522.0 0.00 0.00
89.0 523.0 0.00 0.00
141.0 523.0 0.00 0.00
160.0 523.0 0.00 0.00
233.0 523.0 0.00 0.00
274.0 523.0 0.00 0.00
448.0 523.0 0.00 0.00
588.0 523.0 0.00 0.00
665.0 523.0 0.00 0.00
672.0 523.0 0.00 0.00
735.0 523.0 0.00 0.00
894.0 523.0 0.00 0.00
994.0 523.0 0.00 0.00
84.0 524.0 0.00 0.00
130.0 524.0 0.00 0.00
181.0 524.0 0.00 0.00
479.0 524.0 0.00 0.00
677.0 524.0 0.00 0.00
899.0 524.0 0.00 0.00
112.0 525.0 0.00 0.00
223.0 525.0 0.00 0.00
280.0 525.0 0.00 0.00
285.0 525.0 0.00 0.00
350.0 525.0 0.00 0.00
370.0 525.0 0.00 0.00
375.0 525.0 0.00 0.00
610.0 525.0 0.00 0.00
682.0 525.0 0.00 0.00
866.0 525.0 0.00 0.00
64.0 526.0 0.00 0.00
192.0 526.0 0.00 0.00
218.0 526.0 0.00 0.00
549.0 526.0 0.00 0.00
594.0 526.0 0.00 0.00
599.0 526.0 0.00 0.00
656.0 526.0 0.00 0.00
751.0 526.0 0.00 0.00
756.0 526.0 0.00 0.00
767.0 526.0 0.00 0.00
794.0 526.0 0.00 0.00
909.0 526.0 0.00 0.00
173.0 527.0 0.00 0.00
212.0 527.0 0.00 0.00
296.0 527.0 0.00 0.00
314.0 527.0 0.00 0.00
319.0 527.0 0.00 0.00
426.0 527.0 0.00 0.00
762.0 527.0 0.00 0.00
945.0 527.0 0.00 0.00
207.0 528.0 0.00 0.00
291.0 528.0 0.00 0.00
329.0 528.0 0.00 0.00
452.0 528.0 0.00 0.00
668.0 528.0 0.00 0.00
127.0 529.0 0.00 0.00
243.0 529.0 0.00 0.00
263.0 529.0 0.00 0.00
301.0 529.0 0.00 0.00
365.0 529.0 0.00 0.00
625.0 529.0 0.00 0.00
689.0 529.0 0.00 0.00
781.0 529.0 0.00 0.00
878.0 529.0 0.00 0.00
896.0 529.0 0.00 0.00
984.0 529.0 0.00 0.00
103.0 530.0 0.00 0.00
351.0 530.0 0.00 0.00
375.0 530.0 0.00 0.00
639.0 530.0 0.00 0.00
800.0 530.0 0.00 0.00
832.0 530.0 0.00 0.00
22.0 531.0 0.00 0.00
254.0 531.0 0.00 0.00
420.0 531.0 0.00 0.00
558.0 531.0 0.00 0.00
618.0 531.0 0.00 0.00
695.0 531.0 0.00 0.00
909.0 531.0 0.00 0.00
994.0 531.0 0.00 0.00
11.0 532.0 0.00 0.00
184.0 532.0 0.00 0.00
226.0 532.0 0.00 0.00
360.0 532.0 0.00 0.00
429.0 532.0 0.00 0.00
701.0 532.0 0.00 0.00
113.0 533.0 0.00 0.00
148.0 533.0 0.00 0.00
206.0 533.0 0.00 0.00
578.0 533.0 0.00 0.00
583.0 533.0 0.00 0.00
668.0 533.0 0.00 0.00
824.0 533.0 0.00 0.00
159.0 534.0 0.00 0.00
176.0 534.0 0.00 0.00
233.0 534.0 0.00 0.00
238.0 534.0 0.00 0.00
243.0 534.0 0.00 0.00
300.0 534.0 0.00 0.00
652.0 534.0 0.00 0.00
890.0 534.0 0.00 0.00
895.0 534.0 0.00 0.00
365.0 535.0 0.00 0.00
370.0 535.0 0.00 0.00
380.0 535.0 0.00 0.00
501.0 535.0 0.00 0.00
861.0 535.0 0.00 0.00
900.0 535.0 0.00 0.00
971.0 535.0 0.00 0.00
104.0 536.0 0.00 0.00
220.0 536.0 0.00 0.00
385.0 536.0 0.00 0.00
451.0 536.0 0.00 0.00
771.0 536.0 0.00 0.00
74.0 537.0 0.00 0.00
674.0 537.0 0.00 0.00
702.0 537.0 0.00 0.00
735.0 537.0 0.00 0.00
912.0 537.0 0.00 0.00
37.0 538.0 0.00 0.00
138.0 538.0 0.00 0.00
143.0 538.0 0.00 0.00
196.0 538.0 0.00 0.00
272.0 538.0 0.00 0.00
330.0 538.0 0.00 0.00
839.0 538.0 0.00 0.00
853.0 538.0 0.00 0.00
119.0 539.0 0.00 0.00
248.0 539.0 0.00 0.00
281.0 539.0 0.00 0.00
356.0 539.0 0.00 0.00
396.0 539.0 0.00 0.00
887.0 539.0 0.00 0.00
907.0 539.0 0.00 0.00
996.0 539.0 0.00 0.00
125.0 540.0 0.00 0.00
623.0 540.0 0.00 0.00
751.0 540.0 0.00 0.00
1007.0 540.0 0.00 0.00
104.0 541.0 0.00 0.00
217.0 541.0 0.00 0.00
290.0 541.0 0.00 0.00
386.0 541.0 0.00 0.00
578.0 541.0 0.00 0.00
93.0 542.0 0.00 0.00
255.0 542.0 0.00 0.00
321.0 542.0 0.00 0.00
588.0 542.0 0.00 0.00
703.0 542.0 0.00 0.00
98.0 543.0 0.00 0.00
170.0 543.0 0.00 0.00
196.0 543.0 0.00 0.00
223.0 543.0 0.00 0.00
228.0 543.0 0.00 0.00
330.0 543.0 0.00 0.00
366.0 543.0 0.00 0.00
662.0 543.0 0.00 0.00
853.0 543.0 0.00 0.00
984.0 543.0 0.00 0.00
175.0 544.0 0.00 0.00
180.0 544.0 0.00 0.00
185.0 544.0 0.00 0.00
236.0 544.0 0.00 0.00
348.0 544.0 0.00 0.00
434.0 544.0 0.00 0.00
543.0 544.0 0.00 0.00
767.0 544.0 0.00 0.00
773.0 544.0 0.00 0.00
908.0 544.0 0.00 0.00
190.0 545.0 0.00 0.00
210.0 545.0 0.00 0.00
391.0 545.0 0.00 0.00
492.0 545.0 0.00 0.00
551.0 545.0 0.00 0.00
615.0 545.0 0.00 0.00
675.0 545.0 0.00 0.00
780.0 545.0 0.00 0.00
808.0 545.0 0.00 0.00
1002.0 545.0 0.00 0.00
1007.0 545.0 0.00 0.00
104.0 546.0 0.00 0.00
109.0 546.0 0.00 0.00
132.0 546.0 0.00 0.00
145.0 546.0 0.00 0.00
556.0 546.0 0.00 0.00
842.0 546.0 0.00 0.00
115.0 547.0 0.00 0.00
290.0 547.0 0.00 0.00
597.0 547.0 0.00 0.00
704.0 547.0 0.00 0.00
900.0 547.0 0.00 0.00
53.0 548.0 0.00 0.00
120.0 548.0 0.00 0.00
201.0 548.0 0.00 0.00
219.0 548.0 0.00 0.00
365.0 548.0 0.00 0.00
370.0 548.0 0.00 0.00
376.0 548.0 0.00 0.00
403.0 548.0 0.00 0.00
852.0 548.0 0.00 0.00
928.0 548.0 0.00 0.00
65.0 549.0 0.00 0.00
330.0 549.0 0.00 0.00
340.0 549.0 0.00 0.00
441.0 549.0 0.00 0.00
465.0 549.0 0.00 0.00
767.0 549.0 0.00 0.00
772.0 549.0 0.00 0.00
907.0 549.0 0.00 0.00
996.0 549.0 0.00 0.00
335.0 550.0 0.00 0.00
656.0 550.0 0.00 0.00
1008.0 550.0 0.00 0.00
60.0 551.0 0.00 0.00
132.0 551.0 0.00 0.00
513.0 551.0 0.00 0.00
632.0 551.0 0.00 0.00
680.0 551.0 0.00 0.00
46.0 552.0 0.00 0.00
250.0 552.0 0.00 0.00
349.0 552.0 0.00 0.00
355.0 552.0 0.00 0.00
389.0 552.0 0.00 0.00
416.0 552.0 0.00 0.00
572.0 552.0 0.00 0.00
707.0 552.0 0.00 0.00
837.0 552.0 0.00 0.00
846.0 552.0 0.00 0.00
899.0 552.0 0.00 0.00
22.0 553.0 0.00 0.00
122.0 553.0 0.00 0.00
127.0 553.0 0.00 0.00
190.0 553.0 0.00 0.00
211.0 553.0 0.00 0.00
361.0 553.0 0.00 0.00
518.0 553.0 0.00 0.00
803.0 553.0 0.00 0.00
878.0 553.0 0.00 0.00
179.0 554.0 0.00 0.00
216.0 554.0 0.00 0.00
456.0 554.0 0.00 0.00
312.0 555.0 0.00 0.00
761.0 555.0 0.00 0.00
150.0 556.0 0.00 0.00
231.0 556.0 0.00 0.00
278.0 556.0 0.00 0.00
337.0 556.0 0.00 0.00
539.0 556.0 0.00 0.00
773.0 556.0 0.00 0.00
250.0 557.0 0.00 0.00
342.0 557.0 0.00 0.00
845.0 557.0 0.00 0.00
854.0 557.0 0.00 0.00
899.0 557.0 0.00 0.00
908.0 557.0 0.00 0.00
967.0 557.0 0.00 0.00
127.0 558.0 0.00 0.00
135.0 558.0 0.00 0.00
356.0 558.0 0.00 0.00
122.0 559.0 0.00 0.00
347.0 559.0 0.00 0.00
399.0 559.0 0.00 0.00
446.0 559.0 0.00 0.00
456.0 559.0 0.00 0.00
488.0 559.0 0.00 0.00
380.0 560.0 0.00 0.00
695.0 560.0 0.00 0.00
872.0 560.0 0.00 0.00
890.0 560.0 0.00 0.00
915.0 560.0 0.00 0.00
51.0 561.0 0.00 0.00
114.0 561.0 0.00 0.00
220.0 561.0 0.00 0.00
255.0 561.0 0.00 0.00
337.0 561.0 0.00 0.00
368.0 561.0 0.00 0.00
373.0 561.0 0.00 0.00
767.0 561.0 0.00 0.00
831.0 561.0 0.00 0.00
840.0 561.0 0.00 0.00
881.0 561.0 0.00 0.00
46.0 562.0 0.00 0.00
260.0 562.0 0.00 0.00
290.0 562.0 0.00 0.00
342.0 562.0 0.00 0.00
389.0 562.0 0.00 0.00
436.0 562.0 0.00 0.00
543.0 562.0 0.00 0.00
814.0 562.0 0.00 0.00
855.0 562.0 0.00 0.00
932.0 562.0 0.00 0.00
937.0 562.0 0.00 0.00
942.0 562.0 0.00 0.00
1000.0 562.0 0.00 0.00
1015.0 562.0 0.00 0.00
39.0 563.0 0.00 0.00
195.0 563.0 0.00 0.00
272.0 563.0 0.00 0.00
758.0 563.0 0.00 0.00
165.0 564.0 0.00 0.00
203.0 564.0 0.00 0.00
281.0 564.0 0.00 0.00
349.0 564.0 0.00 0.00
402.0 564.0 0.00 0.00
410.0 564.0 0.00 0.00
415.0 564.0 0.00 0.00
954.0 564.0 0.00 0.00
146.0 565.0 0.00 0.00
379.0 565.0 0.00 0.00
649.0 565.0 0.00 0.00
714.0 565.0 0.00 0.00
777.0 565.0 0.00 0.00
906.0 565.0 0.00 0.00
959.0 565.0 0.00 0.00
964.0 565.0 0.00 0.00
212.0 566.0 0.00 0.00
451.0 566.0 0.00 0.00
900.0 566.0 0.00 0.00
327.0 567.0 0.00 0.00
332.0 567.0 0.00 0.00
363.0 567.0 0.00 0.00
524.0 567.0 0.00 0.00
859.0 567.0 0.00 0.00
979.0 567.0 0.00 0.00
1000.0 567.0 0.00 0.00
183.0 568.0 0.00 0.00
272.0 568.0 0.00 0.00
302.0 568.0 0.00 0.00
307.0 568.0 0.00 0.00
384.0 568.0 0.00 0.00
460.0 568.0 0.00 0.00
531.0 568.0 0.00 0.00
703.0 568.0 0.00 0.00
234.0 569.0 0.00 0.00
442.0 569.0 0.00 0.00
847.0 569.0 0.00 0.00
914.0 569.0 0.00 0.00
63.0 570.0 0.00 0.00
146.0 570.0 0.00 0.00
250.0 570.0 0.00 0.00
265.0 570.0 0.00 0.00
294.0 570.0 0.00 0.00
472.0 570.0 0.00 0.00
509.0 570.0 0.00 0.00
789.0 570.0 0.00 0.00
989.0 570.0 0.00 0.00
158.0 571.0 0.00 0.00
289.0 571.0 0.00 0.00
318.0 571.0 0.00 0.00
342.0 571.0 0.00 0.00
433.0 571.0 0.00 0.00
799.0 571.0 0.00 0.00
804.0 571.0 0.00 0.00
906.0 571.0 0.00 0.00
984.0 571.0 0.00 0.00
363.0 572.0 0.00 0.00
406.0 572.0 0.00 0.00
428.0 572.0 0.00 0.00
816.0 572.0 0.00 0.00
996.0 572.0 0.00 0.00
131.0 573.0 0.00 0.00
388.0 573.0 0.00 0.00
393.0 573.0 0.00 0.00
398.0 573.0 0.00 0.00
730.0 573.0 0.00 0.00
869.0 573.0 0.00 0.00
1002.0 573.0 0.00 0.00
1010.0 573.0 0.00 0.00
56.0 574.0 0.00 0.00
168.0 574.0 0.00 0.00
270.0 574.0 0.00 0.00
353.0 574.0 0.00 0.00
414.0 574.0 0.00 0.00
423.0 574.0 0.00 0.00
488.0 574.0 0.00 0.00
608.0 574.0 0.00 0.00
875.0 574.0 0.00 0.00
976.0 574.0 0.00 0.00
1015.0 574.0 0.00 0.00
275.0 575.0 0.00 0.00
298.0 575.0 0.00 0.00
526.0 575.0 0.00 0.00
688.0 575.0 0.00 0.00
991.0 575.0 0.00 0.00
114.0 576.0 0.00 0.00
280.0 576.0 0.00 0.00
289.0 576.0 0.00 0.00
317.0 576.0 0.00 0.00
658.0 576.0 0.00 0.00
840.0 576.0 0.00 0.00
905.0 576.0 0.00 0.00
303.0 577.0 0.00 0.00
212.0 578.0 0.00 0.00
261.0 578.0 0.00 0.00
716.0 578.0 0.00 0.00
721.0 578.0 0.00 0.00
770.0 578.0 0.00 0.00
351.0 579.0 0.00 0.00
378.0 579.0 0.00 0.00
498.0 579.0 0.00 0.00
51.0 580.0 0.00 0.00
308.0 580.0 0.00 0.00
332.0 580.0 0.00 0.00
337.0 580.0 0.00 0.00
847.0 580.0 0.00 0.00
852.0 580.0 0.00 0.00
857.0 580.0 0.00 0.00
90.0 581.0 0.00 0.00
281.0 581.0 0.00 0.00
313.0 581.0 0.00 0.00
318.0 581.0 0.00 0.00
430.0 581.0 0.00 0.00
680.0 581.0 0.00 0.00
78.0 582.0 0.00 0.00
140.0 582.0 0.00 0.00
359.0 582.0 0.00 0.00
419.0 582.0 0.00 0.00
525.0 582.0 0.00 0.00
786.0 582.0 0.00 0.00
223.0 583.0 0.00 0.00
817.0 583.0 0.00 0.00
867.0 583.0 0.00 0.00
880.0 583.0 0.00 0.00
255.0 584.0 0.00 0.00
344.0 584.0 0.00 0.00
992.0 584.0 0.00 0.00
270.0 585.0 0.00 0.00
299.0 585.0 0.00 0.00
484.0 585.0 0.00 0.00
516.0 585.0 0.00 0.00
802.0 585.0 0.00 0.00
807.0 585.0 0.00 0.00
280.0 586.0 0.00 0.00
425.0 586.0 0.00 0.00
430.0 586.0 0.00 0.00
705.0 586.0 0.00 0.00
894.0 586.0 0.00 0.00
213.0 587.0 0.00 0.00
236.0 587.0 0.00 0.00
320.0 587.0 0.00 0.00
325.0 587.0 0.00 0.00
504.0 587.0 0.00 0.00
812.0 587.0 0.00 0.00
904.0 587.0 0.00 0.00
112.0 588.0 0.00 0.00
382.0 588.0 0.00 0.00
410.0 588.0 0.00 0.00
449.0 588.0 0.00 0.00
454.0 588.0 0.00 0.00
499.0 588.0 0.00 0.00
405.0 589.0 0.00 0.00
776.0 589.0 0.00 0.00
828.0 589.0 0.00 0.00
289.0 590.0 0.00 0.00
298.0 590.0 0.00 0.00
400.0 590.0 0.00 0.00
461.0 590.0 0.00 0.00
560.0 590.0 0.00 0.00
93.0 591.0 0.00 0.00
433.0 591.0 0.00 0.00
963.0 591.0 0.00 0.00
129.0 592.0 0.00 0.00
316.0 592.0 0.00 0.00
615.0 592.0 0.00 0.00
644.0 592.0 0.00 0.00
750.0 592.0 0.00 0.00
813.0 592.0 0.00 0.00
904.0 592.0 0.00 0.00
349.0 593.0 0.00 0.00
439.0 593.0 0.00 0.00
480.0 593.0 0.00 0.00
571.0 593.0 0.00 0.00
329.0 594.0 0.00 0.00
334.0 594.0 0.00 0.00
339.0 594.0 0.00 0.00
630.0 594.0 0.00 0.00
635.0 594.0 0.00 0.00
665.0 594.0 0.00 0.00
761.0 594.0 0.00 0.00
228.0 595.0 0.00 0.00
237.0 595.0 0.00 0.00
301.0 595.0 0.00 0.00
576.0 595.0 0.00 0.00
991.0 595.0 0.00 0.00
382.0 596.0 0.00 0.00
982.0 596.0 0.00 0.00
106.0 597.0 0.00 0.00
582.0 597.0 0.00 0.00
456.0 598.0 0.00 0.00
477.0 598.0 0.00 0.00
788.0 598.0 0.00 0.00
904.0 598.0 0.00 0.00
934.0 598.0 0.00 0.00
949.0 598.0 0.00 0.00
996.0 598.0 0.00 0.00
329.0 599.0 0.00 0.00
357.0 599.0 0.00 0.00
502.0 599.0 0.00 0.00
512.0 599.0 0.00 0.00
521.0 599.0 0.00 0.00
317.0 600.0 0.00 0.00
471.0 600.0 0.00 0.00
600.0 600.0 0.00 0.00
844.0 600.0 0.00 0.00
88.0 601.0 0.00 0.00
752.0 601.0 0.00 0.00
764.0 601.0 0.00 0.00
132.0 602.0 0.00 0.00
162.0 602.0 0.00 0.00
167.0 602.0 0.00 0.00
643.0 602.0 0.00 0.00
738.0 602.0 0.00 0.00
814.0 602.0 0.00 0.00
430.0 603.0 0.00 0.00
772.0 603.0 0.00 0.00
996.0 603.0 0.00 0.00
122.0 604.0 0.00 0.00
141.0 604.0 0.00 0.00
1008.0 604.0 0.00 0.00
829.0 605.0 0.00 0.00
104.0 606.0 0.00 0.00
493.0 606.0 0.00 0.00
532.0 606.0 0.00 0.00
686.0 606.0 0.00 0.00
834.0 606.0 0.00 0.00
839.0 606.0 0.00 0.00
899.0 606.0 0.00 0.00
904.0 606.0 0.00 0.00
681.0 607.0 0.00 0.00
629.0 608.0 0.00 0.00
711.0 608.0 0.00 0.00
995.0 608.0 0.00 0.00
70.0 609.0 0.00 0.00
183.0 609.0 0.00 0.00
188.0 609.0 0.00 0.00
240.0 609.0 0.00 0.00
272.0 609.0 0.00 0.00
356.0 609.0 0.00 0.00
861.0 609.0 0.00 0.00
509.0 610.0 0.00 0.00
522.0 610.0 0.00 0.00
591.0 610.0 0.00 0.00
660.0 610.0 0.00 0.00
718.0 610.0 0.00 0.00
342.0 611.0 0.00 0.00
459.0 611.0 0.00 0.00
517.0 611.0 0.00 0.00
528.0 611.0 0.00 0.00
729.0 611.0 0.00 0.00
15.0 612.0 0.00 0.00
298.0 612.0 0.00 0.00
347.0 612.0 0.00 0.00
452.0 612.0 0.00 0.00
609.0 612.0 0.00 0.00
642.0 612.0 0.00 0.00
696.0 612.0 0.00 0.00
874.0 612.0 0.00 0.00
687.0 613.0 0.00 0.00
995.0 613.0 0.00 0.00
223.0 614.0 0.00 0.00
237.0 614.0 0.00 0.00
266.0 614.0 0.00 0.00
271.0 614.0 0.00 0.00
328.0 614.0 0.00 0.00
447.0 614.0 0.00 0.00
749.0 614.0 0.00 0.00
134.0 615.0 0.00 0.00
903.0 615.0 0.00 0.00
243.0 616.0 0.00 0.00
276.0 616.0 0.00 0.00
888.0 616.0 0.00 0.00
86.0 617.0 0.00 0.00
231.0 617.0 0.00 0.00
432.0 617.0 0.00 0.00
631.0 617.0 0.00 0.00
672.0 617.0 0.00 0.00
772.0 617.0 0.00 0.00
845.0 617.0 0.00 0.00
95.0 618.0 0.00 0.00
156.0 618.0 0.00 0.00
539.0 618.0 0.00 0.00
970.0 618.0 0.00 0.00
338.0 619.0 0.00 0.00
529.0 620.0 0.00 0.00
684.0 620.0 0.00 0.00
853.0 620.0 0.00 0.00
882.0 620.0 0.00 0.00
517.0 621.0 0.00 0.00
822.0 621.0 0.00 0.00
888.0 621.0 0.00 0.00
982.0 621.0 0.00 0.00
997.0 621.0 0.00 0.00
200.0 622.0 0.00 0.00
547.0 622.0 0.00 0.00
786.0 622.0 0.00 0.00
144.0 623.0 0.00 0.00
641.0 623.0 0.00 0.00
127.0 625.0 0.00 0.00
335.0 625.0 0.00 0.00
362.0 625.0 0.00 0.00
664.0 625.0 0.00 0.00
752.0 625.0 0.00 0.00
446.0 626.0 0.00 0.00
37.0 627.0 0.00 0.00
570.0 627.0 0.00 0.00
622.0 627.0 0.00 0.00
920.0 627.0 0.00 0.00
76.0 628.0 0.00 0.00
627.0 628.0 0.00 0.00
902.0 628.0 0.00 0.00
908.0 628.0 0.00 0.00
251.0 629.0 0.00 0.00
726.0 629.0 0.00 0.00
897.0 629.0 0.00 0.00
1014.0 629.0 0.00 0.00
68.0 630.0 0.00 0.00
63.0 631.0 0.00 0.00
161.0 631.0 0.00 0.00
235.0 631.0 0.00 0.00
557.0 631.0 0.00 0.00
576.0 631.0 0.00 0.00
832.0 631.0 0.00 0.00
856.0 631.0 0.00 0.00
928.0 631.0 0.00 0.00
939.0 631.0 0.00 0.00
790.0 632.0 0.00 0.00
934.0 632.0 0.00 0.00
156.0 633.0 0.00 0.00
218.0 633.0 0.00 0.00
566.0 633.0 0.00 0.00
965.0 633.0 0.00 0.00
1003.0 633.0 0.00 0.00
151.0 634.0 0.00 0.00
359.0 634.0 0.00 0.00
528.0 634.0 0.00 0.00
679.0 634.0 0.00 0.00
447.0 635.0 0.00 0.00
801.0 635.0 0.00 0.00
980.0 635.0 0.00 0.00
277.0 636.0 0.00 0.00
311.0 636.0 0.00 0.00
630.0 637.0 0.00 0.00
755.0 637.0 0.00 0.00
898.0 637.0 0.00 0.00
732.0 638.0 0.00 0.00
737.0 638.0 0.00 0.00
907.0 638.0 0.00 0.00
961.0 638.0 0.00 0.00
986.0 638.0 0.00 0.00
108.0 639.0 0.00 0.00
525.0 639.0 0.00 0.00
767.0 639.0 0.00 0.00
912.0 639.0 0.00 0.00
947.0 639.0 0.00 0.00
80.0 640.0 0.00 0.00
96.0 640.0 0.00 0.00
190.0 640.0 0.00 0.00
377.0 640.0 0.00 0.00
660.0 640.0 0.00 0.00
853.0 640.0 0.00 0.00
919.0 640.0 0.00 0.00
981.0 640.0 0.00 0.00
129.0 641.0 0.00 0.00
158.0 641.0 0.00 0.00
182.0 642.0 0.00 0.00
216.0 642.0 0.00 0.00
221.0 642.0 0.00 0.00
408.0 642.0 0.00 0.00
416.0 642.0 0.00 0.00
622.0 642.0 0.00 0.00
934.0 642.0 0.00 0.00
973.0 642.0 0.00 0.00
208.0 643.0 0.00 0.00
429.0 643.0 0.00 0.00
697.0 643.0 0.00 0.00
323.0 644.0 0.00 0.00
704.0 644.0 0.00 0.00
946.0 644.0 0.00 0.00
994.0 644.0 0.00 0.00
999.0 644.0 0.00 0.00
1005.0 644.0 0.00 0.00
485.0 645.0 0.00 0.00
615.0 645.0 0.00 0.00
723.0 645.0 0.00 0.00
867.0 645.0 0.00 0.00
898.0 645.0 0.00 0.00
960.0 645.0 0.00 0.00
508.0 646.0 0.00 0.00
646.0 646.0 0.00 0.00
835.0 646.0 0.00 0.00
984.0 646.0 0.00 0.00
1010.0 646.0 0.00 0.00
13.0 647.0 0.00 0.00
442.0 647.0 0.00 0.00
728.0 647.0 0.00 0.00
735.0 647.0 0.00 0.00
768.0 647.0 0.00 0.00
907.0 647.0 0.00 0.00
1015.0 647.0 0.00 0.00
147.0 648.0 0.00 0.00
158.0 649.0 0.00 0.00
247.0 649.0 0.00 0.00
568.0 649.0 0.00 0.00
632.0 649.0 0.00 0.00
102.0 650.0 0.00 0.00
389.0 650.0 0.00 0.00
896.0 650.0 0.00 0.00
927.0 650.0 0.00 0.00
686.0 651.0 0.00 0.00
994.0 651.0 0.00 0.00
520.0 652.0 0.00 0.00
867.0 652.0 0.00 0.00
326.0 653.0 0.00 0.00
492.0 653.0 0.00 0.00
881.0 653.0 0.00 0.00
944.0 653.0 0.00 0.00
80.0 654.0 0.00 0.00
594.0 654.0 0.00 0.00
125.0 655.0 0.00 0.00
707.0 655.0 0.00 0.00
779.0 655.0 0.00 0.00
895.0 655.0 0.00 0.00
72.0 656.0 0.00 0.00
173.0 656.0 0.00 0.00
713.0 656.0 0.00 0.00
966.0 656.0 0.00 0.00
656.0 657.0 0.00 0.00
692.0 657.0 0.00 0.00
722.0 657.0 0.00 0.00
953.0 657.0 0.00 0.00
542.0 658.0 0.00 0.00
555.0 658.0 0.00 0.00
582.0 658.0 0.00 0.00
702.0 658.0 0.00 0.00
380.0 659.0 0.00 0.00
753.0 659.0 0.00 0.00
103.0 660.0 0.00 0.00
148.0 660.0 0.00 0.00
976.0 660.0 0.00 0.00
998.0 660.0 0.00 0.00
19.0 661.0 0.00 0.00
115.0 661.0 0.00 0.00
532.0 661.0 0.00 0.00
567.0 661.0 0.00 0.00
743.0 661.0 0.00 0.00
159.0 662.0 0.00 0.00
207.0 662.0 0.00 0.00
789.0 662.0 0.00 0.00
939.0 662.0 0.00 0.00
944.0 662.0 0.00 0.00
987.0 662.0 0.00 0.00
83.0 663.0 0.00 0.00
466.0 663.0 0.00 0.00
482.0 663.0 0.00 0.00
701.0 663.0 0.00 0.00
955.0 663.0 0.00 0.00
60.0 664.0 0.00 0.00
356.0 664.0 0.00 0.00
561.0 664.0 0.00 0.00
659.0 664.0 0.00 0.00
669.0 664.0 0.00 0.00
759.0 664.0 0.00 0.00
895.0 664.0 0.00 0.00
283.0 665.0 0.00 0.00
647.0 665.0 0.00 0.00
883.0 665.0 0.00 0.00
934.0 665.0 0.00 0.00
391.0 666.0 0.00 0.00
890.0 666.0 0.00 0.00
923.0 666.0 0.00 0.00
950.0 666.0 0.00 0.00
512.0 667.0 0.00 0.00
583.0 668.0 0.00 0.00
711.0 668.0 0.00 0.00
732.0 668.0 0.00 0.00
960.0 668.0 0.00 0.00
616.0 669.0 0.00 0.00
690.0 669.0 0.00 0.00
718.0 669.0 0.00 0.00
895.0 669.0 0.00 0.00
967.0 669.0 0.00 0.00
1001.0 669.0 0.00 0.00
293.0 670.0 0.00 0.00
526.0 670.0 0.00 0.00
702.0 670.0 0.00 0.00
871.0 670.0 0.00 0.00
1006.0 670.0 0.00 0.00
205.0 671.0 0.00 0.00
219.0 671.0 0.00 0.00
239.0 671.0 0.00 0.00
366.0 671.0 0.00 0.00
371.0 671.0 0.00 0.00
505.0 671.0 0.00 0.00
607.0 671.0 0.00 0.00
743.0 671.0 0.00 0.00
931.0 671.0 0.00 0.00
952.0 671.0 0.00 0.00
972.0 671.0 0.00 0.00
985.0 671.0 0.00 0.00
1015.0 671.0 0.00 0.00
