4566 128
853.0 8.0 0.00 0.00
705.0 33.0 0.00 0.00
459.0 35.0 0.00 0.00
466.0 37.0 0.00 0.00
471.0 37.0 0.00 0.00
476.0 38.0 0.00 0.00
523.0 38.0 0.00 0.00
528.0 39.0 0.00 0.00
533.0 39.0 0.00 0.00
562.0 39.0 0.00 0.00
567.0 39.0 0.00 0.00
484.0 40.0 0.00 0.00
489.0 40.0 0.00 0.00
495.0 40.0 0.00 0.00
501.0 40.0 0.00 0.00
514.0 40.0 0.00 0.00
554.0 41.0 0.00 0.00
574.0 42.0 0.00 0.00
579.0 43.0 0.00 0.00
586.0 43.0 0.00 0.00
452.0 44.0 0.00 0.00
544.0 45.0 0.00 0.00
444.0 46.0 0.00 0.00
435.0 48.0 0.00 0.00
516.0 48.0 0.00 0.00
508.0 49.0 0.00 0.00
430.0 50.0 0.00 0.00
541.0 50.0 0.00 0.00
424.0 51.0 0.00 0.00
594.0 52.0 0.00 0.00
517.0 53.0 0.00 0.00
603.0 54.0 0.00 0.00
418.0 55.0 0.00 0.00
530.0 55.0 0.00 0.00
558.0 55.0 0.00 0.00
458.0 56.0 0.00 0.00
548.0 56.0 0.00 0.00
608.0 56.0 0.00 0.00
584.0 57.0 0.00 0.00
441.0 59.0 0.00 0.00
518.0 59.0 0.00 0.00
613.0 59.0 0.00 0.00
409.0 60.0 0.00 0.00
513.0 60.0 0.00 0.00
547.0 61.0 0.00 0.00
566.0 61.0 0.00 0.00
618.0 61.0 0.00 0.00
400.0 63.0 0.00 0.00
395.0 64.0 0.00 0.00
437.0 64.0 0.00 0.00
469.0 64.0 0.00 0.00
474.0 64.0 0.00 0.00
597.0 64.0 0.00 0.00
444.0 65.0 0.00 0.00
450.0 65.0 0.00 0.00
546.0 66.0 0.00 0.00
387.0 67.0 0.00 0.00
583.0 67.0 0.00 0.00
481.0 68.0 0.00 0.00
486.0 68.0 0.00 0.00
522.0 68.0 0.00 0.00
527.0 68.0 0.00 0.00
620.0 68.0 0.00 0.00
551.0 69.0 0.00 0.00
444.0 70.0 0.00 0.00
513.0 70.0 0.00 0.00
556.0 70.0 0.00 0.00
592.0 70.0 0.00 0.00
613.0 72.0 0.00 0.00
636.0 72.0 0.00 0.00
641.0 72.0 0.00 0.00
379.0 73.0 0.00 0.00
457.0 73.0 0.00 0.00
507.0 73.0 0.00 0.00
545.0 73.0 0.00 0.00
627.0 73.0 0.00 0.00
647.0 73.0 0.00 0.00
652.0 73.0 0.00 0.00
538.0 74.0 0.00 0.00
607.0 74.0 0.00 0.00
618.0 74.0 0.00 0.00
351.0 76.0 0.00 0.00
356.0 76.0 0.00 0.00
369.0 76.0 0.00 0.00
374.0 76.0 0.00 0.00
659.0 76.0 0.00 0.00
105.0 77.0 0.00 0.00
114.0 77.0 0.00 0.00
119.0 77.0 0.00 0.00
125.0 77.0 0.00 0.00
364.0 77.0 0.00 0.00
438.0 77.0 0.00 0.00
342.0 78.0 0.00 0.00
422.0 78.0 0.00 0.00
469.0 78.0 0.00 0.00
587.0 78.0 0.00 0.00
100.0 79.0 0.00 0.00
474.0 79.0 0.00 0.00
568.0 79.0 0.00 0.00
580.0 79.0 0.00 0.00
617.0 79.0 0.00 0.00
459.0 81.0 0.00 0.00
491.0 81.0 0.00 0.00
502.0 81.0 0.00 0.00
531.0 81.0 0.00 0.00
536.0 81.0 0.00 0.00
541.0 81.0 0.00 0.00
486.0 82.0 0.00 0.00
635.0 83.0 0.00 0.00
135.0 84.0 0.00 0.00
512.0 84.0 0.00 0.00
615.0 84.0 0.00 0.00
147.0 85.0 0.00 0.00
152.0 85.0 0.00 0.00
161.0 85.0 0.00 0.00
331.0 85.0 0.00 0.00
407.0 85.0 0.00 0.00
116.0 86.0 0.00 0.00
166.0 86.0 0.00 0.00
520.0 86.0 0.00 0.00
551.0 86.0 0.00 0.00
568.0 86.0 0.00 0.00
579.0 86.0 0.00 0.00
96.0 87.0 0.00 0.00
485.0 87.0 0.00 0.00
172.0 88.0 0.00 0.00
584.0 88.0 0.00 0.00
590.0 88.0 0.00 0.00
664.0 88.0 0.00 0.00
110.0 89.0 0.00 0.00
372.0 89.0 0.00 0.00
449.0 89.0 0.00 0.00
475.0 89.0 0.00 0.00
528.0 89.0 0.00 0.00
533.0 89.0 0.00 0.00
613.0 89.0 0.00 0.00
177.0 90.0 0.00 0.00
425.0 90.0 0.00 0.00
461.0 90.0 0.00 0.00
506.0 91.0 0.00 0.00
543.0 91.0 0.00 0.00
621.0 91.0 0.00 0.00
134.0 92.0 0.00 0.00
185.0 92.0 0.00 0.00
320.0 92.0 0.00 0.00
153.0 93.0 0.00 0.00
563.0 93.0 0.00 0.00
626.0 93.0 0.00 0.00
644.0 93.0 0.00 0.00
674.0 93.0 0.00 0.00
441.0 94.0 0.00 0.00
612.0 94.0 0.00 0.00
558.0 95.0 0.00 0.00
147.0 96.0 0.00 0.00
167.0 96.0 0.00 0.00
172.0 96.0 0.00 0.00
631.0 96.0 0.00 0.00
194.0 97.0 0.00 0.00
400.0 97.0 0.00 0.00
451.0 97.0 0.00 0.00
576.0 97.0 0.00 0.00
680.0 97.0 0.00 0.00
108.0 98.0 0.00 0.00
113.0 98.0 0.00 0.00
92.0 99.0 0.00 0.00
99.0 99.0 0.00 0.00
118.0 99.0 0.00 0.00
157.0 99.0 0.00 0.00
183.0 99.0 0.00 0.00
333.0 99.0 0.00 0.00
685.0 99.0 0.00 0.00
178.0 100.0 0.00 0.00
307.0 100.0 0.00 0.00
407.0 100.0 0.00 0.00
420.0 100.0 0.00 0.00
593.0 100.0 0.00 0.00
658.0 100.0 0.00 0.00
84.0 101.0 0.00 0.00
127.0 101.0 0.00 0.00
202.0 101.0 0.00 0.00
324.0 101.0 0.00 0.00
415.0 101.0 0.00 0.00
485.0 101.0 0.00 0.00
510.0 101.0 0.00 0.00
690.0 101.0 0.00 0.00
135.0 102.0 0.00 0.00
207.0 102.0 0.00 0.00
288.0 102.0 0.00 0.00
462.0 102.0 0.00 0.00
476.0 102.0 0.00 0.00
520.0 102.0 0.00 0.00
190.0 103.0 0.00 0.00
392.0 103.0 0.00 0.00
528.0 103.0 0.00 0.00
638.0 103.0 0.00 0.00
185.0 104.0 0.00 0.00
301.0 104.0 0.00 0.00
434.0 104.0 0.00 0.00
542.0 104.0 0.00 0.00
704.0 104.0 0.00 0.00
143.0 105.0 0.00 0.00
148.0 105.0 0.00 0.00
281.0 105.0 0.00 0.00
296.0 105.0 0.00 0.00
695.0 105.0 0.00 0.00
156.0 106.0 0.00 0.00
215.0 106.0 0.00 0.00
355.0 106.0 0.00 0.00
447.0 106.0 0.00 0.00
597.0 106.0 0.00 0.00
608.0 106.0 0.00 0.00
654.0 106.0 0.00 0.00
709.0 106.0 0.00 0.00
91.0 107.0 0.00 0.00
170.0 107.0 0.00 0.00
175.0 107.0 0.00 0.00
554.0 107.0 0.00 0.00
78.0 108.0 0.00 0.00
121.0 108.0 0.00 0.00
126.0 108.0 0.00 0.00
396.0 108.0 0.00 0.00
621.0 108.0 0.00 0.00
626.0 108.0 0.00 0.00
164.0 109.0 0.00 0.00
196.0 109.0 0.00 0.00
24.0 110.0 0.00 0.00
291.0 110.0 0.00 0.00
568.0 110.0 0.00 0.00
714.0 110.0 0.00 0.00
156.0 111.0 0.00 0.00
431.0 111.0 0.00 0.00
573.0 111.0 0.00 0.00
578.0 111.0 0.00 0.00
596.0 111.0 0.00 0.00
11.0 112.0 0.00 0.00
180.0 112.0 0.00 0.00
201.0 112.0 0.00 0.00
225.0 112.0 0.00 0.00
278.0 112.0 0.00 0.00
302.0 112.0 0.00 0.00
317.0 112.0 0.00 0.00
650.0 112.0 0.00 0.00
676.0 112.0 0.00 0.00
687.0 112.0 0.00 0.00
922.0 112.0 0.00 0.00
104.0 113.0 0.00 0.00
119.0 113.0 0.00 0.00
345.0 113.0 0.00 0.00
371.0 113.0 0.00 0.00
400.0 113.0 0.00 0.00
424.0 113.0 0.00 0.00
618.0 113.0 0.00 0.00
623.0 113.0 0.00 0.00
33.0 114.0 0.00 0.00
39.0 114.0 0.00 0.00
44.0 114.0 0.00 0.00
419.0 114.0 0.00 0.00
605.0 114.0 0.00 0.00
127.0 115.0 0.00 0.00
383.0 115.0 0.00 0.00
907.0 115.0 0.00 0.00
912.0 115.0 0.00 0.00
63.0 116.0 0.00 0.00
153.0 116.0 0.00 0.00
193.0 116.0 0.00 0.00
207.0 116.0 0.00 0.00
53.0 117.0 0.00 0.00
58.0 117.0 0.00 0.00
68.0 117.0 0.00 0.00
73.0 117.0 0.00 0.00
78.0 117.0 0.00 0.00
649.0 117.0 0.00 0.00
654.0 117.0 0.00 0.00
699.0 117.0 0.00 0.00
17.0 118.0 0.00 0.00
115.0 118.0 0.00 0.00
371.0 118.0 0.00 0.00
413.0 118.0 0.00 0.00
593.0 118.0 0.00 0.00
616.0 118.0 0.00 0.00
621.0 118.0 0.00 0.00
720.0 118.0 0.00 0.00
89.0 119.0 0.00 0.00
146.0 119.0 0.00 0.00
183.0 119.0 0.00 0.00
188.0 119.0 0.00 0.00
212.0 119.0 0.00 0.00
233.0 119.0 0.00 0.00
898.0 119.0 0.00 0.00
29.0 120.0 0.00 0.00
105.0 120.0 0.00 0.00
140.0 120.0 0.00 0.00
310.0 120.0 0.00 0.00
601.0 120.0 0.00 0.00
686.0 120.0 0.00 0.00
939.0 120.0 0.00 0.00
8.0 121.0 0.00 0.00
199.0 121.0 0.00 0.00
662.0 121.0 0.00 0.00
674.0 121.0 0.00 0.00
709.0 121.0 0.00 0.00
95.0 122.0 0.00 0.00
100.0 122.0 0.00 0.00
273.0 122.0 0.00 0.00
366.0 122.0 0.00 0.00
944.0 122.0 0.00 0.00
949.0 122.0 0.00 0.00
128.0 123.0 0.00 0.00
293.0 123.0 0.00 0.00
328.0 123.0 0.00 0.00
400.0 123.0 0.00 0.00
868.0 123.0 0.00 0.00
38.0 124.0 0.00 0.00
110.0 124.0 0.00 0.00
171.0 124.0 0.00 0.00
189.0 124.0 0.00 0.00
395.0 124.0 0.00 0.00
644.0 124.0 0.00 0.00
704.0 124.0 0.00 0.00
879.0 124.0 0.00 0.00
886.0 124.0 0.00 0.00
926.0 124.0 0.00 0.00
931.0 124.0 0.00 0.00
43.0 125.0 0.00 0.00
222.0 125.0 0.00 0.00
685.0 125.0 0.00 0.00
72.0 126.0 0.00 0.00
163.0 126.0 0.00 0.00
180.0 126.0 0.00 0.00
20.0 127.0 0.00 0.00
90.0 127.0 0.00 0.00
95.0 127.0 0.00 0.00
100.0 127.0 0.00 0.00
119.0 127.0 0.00 0.00
240.0 127.0 0.00 0.00
273.0 127.0 0.00 0.00
694.0 127.0 0.00 0.00
952.0 127.0 0.00 0.00
83.0 128.0 0.00 0.00
353.0 128.0 0.00 0.00
358.0 128.0 0.00 0.00
621.0 128.0 0.00 0.00
733.0 128.0 0.00 0.00
854.0 128.0 0.00 0.00
944.0 128.0 0.00 0.00
77.0 129.0 0.00 0.00
190.0 129.0 0.00 0.00
876.0 129.0 0.00 0.00
906.0 129.0 0.00 0.00
246.0 130.0 0.00 0.00
311.0 130.0 0.00 0.00
671.0 130.0 0.00 0.00
719.0 130.0 0.00 0.00
893.0 130.0 0.00 0.00
931.0 130.0 0.00 0.00
55.0 131.0 0.00 0.00
60.0 131.0 0.00 0.00
211.0 131.0 0.00 0.00
268.0 131.0 0.00 0.00
381.0 131.0 0.00 0.00
680.0 131.0 0.00 0.00
938.0 131.0 0.00 0.00
66.0 132.0 0.00 0.00
71.0 132.0 0.00 0.00
99.0 132.0 0.00 0.00
106.0 132.0 0.00 0.00
658.0 132.0 0.00 0.00
745.0 132.0 0.00 0.00
750.0 132.0 0.00 0.00
867.0 132.0 0.00 0.00
50.0 133.0 0.00 0.00
221.0 133.0 0.00 0.00
255.0 133.0 0.00 0.00
376.0 133.0 0.00 0.00
839.0 133.0 0.00 0.00
847.0 133.0 0.00 0.00
8.0 134.0 0.00 0.00
13.0 134.0 0.00 0.00
42.0 134.0 0.00 0.00
94.0 134.0 0.00 0.00
260.0 134.0 0.00 0.00
738.0 134.0 0.00 0.00
925.0 134.0 0.00 0.00
37.0 135.0 0.00 0.00
84.0 135.0 0.00 0.00
89.0 135.0 0.00 0.00
166.0 135.0 0.00 0.00
183.0 135.0 0.00 0.00
671.0 135.0 0.00 0.00
893.0 135.0 0.00 0.00
943.0 135.0 0.00 0.00
123.0 136.0 0.00 0.00
128.0 136.0 0.00 0.00
133.0 136.0 0.00 0.00
153.0 136.0 0.00 0.00
158.0 136.0 0.00 0.00
197.0 136.0 0.00 0.00
637.0 136.0 0.00 0.00
828.0 136.0 0.00 0.00
833.0 136.0 0.00 0.00
898.0 136.0 0.00 0.00
930.0 136.0 0.00 0.00
948.0 136.0 0.00 0.00
109.0 137.0 0.00 0.00
290.0 137.0 0.00 0.00
823.0 137.0 0.00 0.00
867.0 137.0 0.00 0.00
872.0 137.0 0.00 0.00
877.0 137.0 0.00 0.00
935.0 137.0 0.00 0.00
47.0 138.0 0.00 0.00
191.0 138.0 0.00 0.00
202.0 138.0 0.00 0.00
253.0 138.0 0.00 0.00
756.0 138.0 0.00 0.00
8.0 139.0 0.00 0.00
13.0 139.0 0.00 0.00
23.0 139.0 0.00 0.00
340.0 139.0 0.00 0.00
844.0 139.0 0.00 0.00
925.0 139.0 0.00 0.00
953.0 139.0 0.00 0.00
64.0 140.0 0.00 0.00
170.0 140.0 0.00 0.00
731.0 140.0 0.00 0.00
813.0 140.0 0.00 0.00
851.0 140.0 0.00 0.00
909.0 140.0 0.00 0.00
78.0 141.0 0.00 0.00
146.0 141.0 0.00 0.00
669.0 141.0 0.00 0.00
674.0 141.0 0.00 0.00
914.0 141.0 0.00 0.00
109.0 142.0 0.00 0.00
114.0 142.0 0.00 0.00
331.0 142.0 0.00 0.00
664.0 142.0 0.00 0.00
883.0 142.0 0.00 0.00
888.0 142.0 0.00 0.00
936.0 142.0 0.00 0.00
34.0 143.0 0.00 0.00
206.0 143.0 0.00 0.00
254.0 143.0 0.00 0.00
861.0 143.0 0.00 0.00
878.0 143.0 0.00 0.00
139.0 144.0 0.00 0.00
162.0 144.0 0.00 0.00
176.0 144.0 0.00 0.00
211.0 144.0 0.00 0.00
844.0 144.0 0.00 0.00
900.0 144.0 0.00 0.00
920.0 144.0 0.00 0.00
955.0 144.0 0.00 0.00
40.0 145.0 0.00 0.00
45.0 145.0 0.00 0.00
90.0 145.0 0.00 0.00
270.0 145.0 0.00 0.00
652.0 145.0 0.00 0.00
799.0 145.0 0.00 0.00
942.0 145.0 0.00 0.00
119.0 146.0 0.00 0.00
326.0 146.0 0.00 0.00
657.0 146.0 0.00 0.00
103.0 147.0 0.00 0.00
113.0 147.0 0.00 0.00
197.0 147.0 0.00 0.00
352.0 147.0 0.00 0.00
676.0 147.0 0.00 0.00
743.0 147.0 0.00 0.00
873.0 147.0 0.00 0.00
947.0 147.0 0.00 0.00
108.0 148.0 0.00 0.00
154.0 148.0 0.00 0.00
296.0 148.0 0.00 0.00
682.0 148.0 0.00 0.00
819.0 148.0 0.00 0.00
890.0 148.0 0.00 0.00
912.0 148.0 0.00 0.00
138.0 149.0 0.00 0.00
143.0 149.0 0.00 0.00
726.0 149.0 0.00 0.00
779.0 149.0 0.00 0.00
784.0 149.0 0.00 0.00
789.0 149.0 0.00 0.00
885.0 149.0 0.00 0.00
955.0 149.0 0.00 0.00
16.0 150.0 0.00 0.00
48.0 150.0 0.00 0.00
53.0 150.0 0.00 0.00
58.0 150.0 0.00 0.00
220.0 150.0 0.00 0.00
766.0 150.0 0.00 0.00
878.0 150.0 0.00 0.00
119.0 151.0 0.00 0.00
261.0 151.0 0.00 0.00
664.0 151.0 0.00 0.00
708.0 151.0 0.00 0.00
201.0 152.0 0.00 0.00
847.0 152.0 0.00 0.00
863.0 152.0 0.00 0.00
173.0 153.0 0.00 0.00
192.0 153.0 0.00 0.00
251.0 153.0 0.00 0.00
829.0 153.0 0.00 0.00
890.0 153.0 0.00 0.00
919.0 153.0 0.00 0.00
185.0 154.0 0.00 0.00
343.0 154.0 0.00 0.00
736.0 154.0 0.00 0.00
885.0 154.0 0.00 0.00
953.0 154.0 0.00 0.00
36.0 155.0 0.00 0.00
94.0 155.0 0.00 0.00
138.0 155.0 0.00 0.00
147.0 155.0 0.00 0.00
304.0 155.0 0.00 0.00
718.0 155.0 0.00 0.00
772.0 155.0 0.00 0.00
858.0 155.0 0.00 0.00
897.0 155.0 0.00 0.00
946.0 155.0 0.00 0.00
976.0 155.0 0.00 0.00
869.0 156.0 0.00 0.00
938.0 156.0 0.00 0.00
158.0 157.0 0.00 0.00
201.0 157.0 0.00 0.00
671.0 157.0 0.00 0.00
694.0 157.0 0.00 0.00
58.0 158.0 0.00 0.00
89.0 158.0 0.00 0.00
180.0 158.0 0.00 0.00
234.0 158.0 0.00 0.00
337.0 158.0 0.00 0.00
930.0 158.0 0.00 0.00
9.0 159.0 0.00 0.00
51.0 159.0 0.00 0.00
70.0 159.0 0.00 0.00
83.0 159.0 0.00 0.00
114.0 159.0 0.00 0.00
819.0 159.0 0.00 0.00
877.0 159.0 0.00 0.00
884.0 159.0 0.00 0.00
889.0 159.0 0.00 0.00
920.0 159.0 0.00 0.00
925.0 159.0 0.00 0.00
954.0 159.0 0.00 0.00
15.0 160.0 0.00 0.00
309.0 160.0 0.00 0.00
676.0 160.0 0.00 0.00
836.0 160.0 0.00 0.00
857.0 160.0 0.00 0.00
862.0 160.0 0.00 0.00
900.0 160.0 0.00 0.00
21.0 161.0 0.00 0.00
277.0 161.0 0.00 0.00
793.0 161.0 0.00 0.00
851.0 161.0 0.00 0.00
126.0 162.0 0.00 0.00
255.0 162.0 0.00 0.00
725.0 162.0 0.00 0.00
758.0 162.0 0.00 0.00
785.0 162.0 0.00 0.00
153.0 163.0 0.00 0.00
172.0 163.0 0.00 0.00
844.0 163.0 0.00 0.00
32.0 164.0 0.00 0.00
52.0 164.0 0.00 0.00
111.0 164.0 0.00 0.00
243.0 164.0 0.00 0.00
265.0 164.0 0.00 0.00
707.0 164.0 0.00 0.00
873.0 164.0 0.00 0.00
915.0 164.0 0.00 0.00
37.0 165.0 0.00 0.00
90.0 165.0 0.00 0.00
95.0 165.0 0.00 0.00
135.0 165.0 0.00 0.00
836.0 165.0 0.00 0.00
862.0 165.0 0.00 0.00
47.0 166.0 0.00 0.00
62.0 166.0 0.00 0.00
774.0 166.0 0.00 0.00
851.0 166.0 0.00 0.00
900.0 166.0 0.00 0.00
232.0 167.0 0.00 0.00
887.0 167.0 0.00 0.00
84.0 168.0 0.00 0.00
184.0 168.0 0.00 0.00
197.0 168.0 0.00 0.00
283.0 168.0 0.00 0.00
686.0 168.0 0.00 0.00
753.0 168.0 0.00 0.00
937.0 168.0 0.00 0.00
52.0 169.0 0.00 0.00
151.0 169.0 0.00 0.00
163.0 169.0 0.00 0.00
205.0 169.0 0.00 0.00
942.0 169.0 0.00 0.00
102.0 170.0 0.00 0.00
146.0 170.0 0.00 0.00
271.0 170.0 0.00 0.00
819.0 170.0 0.00 0.00
827.0 170.0 0.00 0.00
832.0 170.0 0.00 0.00
838.0 170.0 0.00 0.00
844.0 170.0 0.00 0.00
15.0 171.0 0.00 0.00
244.0 171.0 0.00 0.00
693.0 171.0 0.00 0.00
700.0 171.0 0.00 0.00
708.0 171.0 0.00 0.00
787.0 171.0 0.00 0.00
852.0 171.0 0.00 0.00
857.0 171.0 0.00 0.00
866.0 171.0 0.00 0.00
871.0 171.0 0.00 0.00
901.0 171.0 0.00 0.00
10.0 172.0 0.00 0.00
22.0 173.0 0.00 0.00
27.0 173.0 0.00 0.00
47.0 173.0 0.00 0.00
71.0 173.0 0.00 0.00
122.0 173.0 0.00 0.00
172.0 173.0 0.00 0.00
193.0 173.0 0.00 0.00
276.0 173.0 0.00 0.00
763.0 173.0 0.00 0.00
876.0 173.0 0.00 0.00
66.0 174.0 0.00 0.00
61.0 175.0 0.00 0.00
92.0 175.0 0.00 0.00
146.0 175.0 0.00 0.00
151.0 175.0 0.00 0.00
266.0 175.0 0.00 0.00
294.0 175.0 0.00 0.00
819.0 175.0 0.00 0.00
896.0 175.0 0.00 0.00
955.0 175.0 0.00 0.00
868.0 176.0 0.00 0.00
80.0 177.0 0.00 0.00
85.0 177.0 0.00 0.00
141.0 177.0 0.00 0.00
241.0 177.0 0.00 0.00
282.0 177.0 0.00 0.00
744.0 177.0 0.00 0.00
749.0 177.0 0.00 0.00
755.0 177.0 0.00 0.00
770.0 177.0 0.00 0.00
797.0 177.0 0.00 0.00
802.0 177.0 0.00 0.00
839.0 177.0 0.00 0.00
863.0 177.0 0.00 0.00
943.0 177.0 0.00 0.00
75.0 178.0 0.00 0.00
116.0 178.0 0.00 0.00
173.0 178.0 0.00 0.00
187.0 178.0 0.00 0.00
880.0 178.0 0.00 0.00
52.0 179.0 0.00 0.00
102.0 179.0 0.00 0.00
202.0 179.0 0.00 0.00
254.0 179.0 0.00 0.00
852.0 179.0 0.00 0.00
63.0 180.0 0.00 0.00
68.0 180.0 0.00 0.00
153.0 180.0 0.00 0.00
302.0 180.0 0.00 0.00
697.0 180.0 0.00 0.00
728.0 180.0 0.00 0.00
819.0 180.0 0.00 0.00
824.0 180.0 0.00 0.00
829.0 180.0 0.00 0.00
910.0 180.0 0.00 0.00
957.0 180.0 0.00 0.00
307.0 181.0 0.00 0.00
844.0 181.0 0.00 0.00
922.0 181.0 0.00 0.00
962.0 181.0 0.00 0.00
80.0 182.0 0.00 0.00
87.0 182.0 0.00 0.00
264.0 182.0 0.00 0.00
858.0 182.0 0.00 0.00
863.0 182.0 0.00 0.00
92.0 183.0 0.00 0.00
97.0 183.0 0.00 0.00
181.0 183.0 0.00 0.00
290.0 183.0 0.00 0.00
778.0 183.0 0.00 0.00
47.0 184.0 0.00 0.00
143.0 184.0 0.00 0.00
174.0 184.0 0.00 0.00
197.0 184.0 0.00 0.00
722.0 184.0 0.00 0.00
852.0 184.0 0.00 0.00
57.0 185.0 0.00 0.00
62.0 185.0 0.00 0.00
67.0 185.0 0.00 0.00
244.0 185.0 0.00 0.00
911.0 185.0 0.00 0.00
75.0 186.0 0.00 0.00
128.0 186.0 0.00 0.00
154.0 186.0 0.00 0.00
948.0 186.0 0.00 0.00
953.0 186.0 0.00 0.00
964.0 186.0 0.00 0.00
190.0 187.0 0.00 0.00
872.0 187.0 0.00 0.00
938.0 187.0 0.00 0.00
210.0 188.0 0.00 0.00
864.0 188.0 0.00 0.00
899.0 188.0 0.00 0.00
116.0 189.0 0.00 0.00
143.0 189.0 0.00 0.00
149.0 189.0 0.00 0.00
163.0 189.0 0.00 0.00
174.0 189.0 0.00 0.00
218.0 189.0 0.00 0.00
272.0 189.0 0.00 0.00
304.0 189.0 0.00 0.00
852.0 189.0 0.00 0.00
858.0 189.0 0.00 0.00
906.0 189.0 0.00 0.00
48.0 190.0 0.00 0.00
98.0 190.0 0.00 0.00
108.0 190.0 0.00 0.00
737.0 190.0 0.00 0.00
845.0 190.0 0.00 0.00
911.0 190.0 0.00 0.00
943.0 190.0 0.00 0.00
23.0 191.0 0.00 0.00
103.0 191.0 0.00 0.00
916.0 191.0 0.00 0.00
928.0 191.0 0.00 0.00
955.0 191.0 0.00 0.00
964.0 191.0 0.00 0.00
34.0 192.0 0.00 0.00
93.0 192.0 0.00 0.00
168.0 192.0 0.00 0.00
223.0 192.0 0.00 0.00
277.0 192.0 0.00 0.00
18.0 193.0 0.00 0.00
155.0 193.0 0.00 0.00
728.0 193.0 0.00 0.00
772.0 193.0 0.00 0.00
897.0 193.0 0.00 0.00
8.0 194.0 0.00 0.00
13.0 194.0 0.00 0.00
755.0 194.0 0.00 0.00
793.0 194.0 0.00 0.00
840.0 194.0 0.00 0.00
48.0 195.0 0.00 0.00
142.0 195.0 0.00 0.00
828.0 195.0 0.00 0.00
847.0 195.0 0.00 0.00
906.0 195.0 0.00 0.00
100.0 196.0 0.00 0.00
173.0 196.0 0.00 0.00
711.0 196.0 0.00 0.00
852.0 196.0 0.00 0.00
873.0 196.0 0.00 0.00
59.0 197.0 0.00 0.00
70.0 197.0 0.00 0.00
81.0 197.0 0.00 0.00
936.0 197.0 0.00 0.00
999.0 197.0 0.00 0.00
1015.0 197.0 0.00 0.00
65.0 198.0 0.00 0.00
253.0 198.0 0.00 0.00
283.0 198.0 0.00 0.00
817.0 198.0 0.00 0.00
994.0 198.0 0.00 0.00
129.0 199.0 0.00 0.00
202.0 199.0 0.00 0.00
298.0 199.0 0.00 0.00
545.0 199.0 0.00 0.00
757.0 199.0 0.00 0.00
842.0 199.0 0.00 0.00
927.0 199.0 0.00 0.00
987.0 199.0 0.00 0.00
906.0 200.0 0.00 0.00
919.0 200.0 0.00 0.00
26.0 201.0 0.00 0.00
31.0 201.0 0.00 0.00
52.0 201.0 0.00 0.00
153.0 201.0 0.00 0.00
236.0 201.0 0.00 0.00
747.0 201.0 0.00 0.00
862.0 201.0 0.00 0.00
874.0 201.0 0.00 0.00
963.0 201.0 0.00 0.00
13.0 202.0 0.00 0.00
105.0 202.0 0.00 0.00
111.0 202.0 0.00 0.00
116.0 202.0 0.00 0.00
182.0 202.0 0.00 0.00
847.0 202.0 0.00 0.00
941.0 202.0 0.00 0.00
94.0 203.0 0.00 0.00
100.0 203.0 0.00 0.00
121.0 203.0 0.00 0.00
290.0 203.0 0.00 0.00
795.0 203.0 0.00 0.00
887.0 203.0 0.00 0.00
892.0 203.0 0.00 0.00
898.0 203.0 0.00 0.00
43.0 204.0 0.00 0.00
129.0 204.0 0.00 0.00
143.0 204.0 0.00 0.00
169.0 204.0 0.00 0.00
834.0 204.0 0.00 0.00
954.0 204.0 0.00 0.00
719.0 205.0 0.00 0.00
737.0 205.0 0.00 0.00
296.0 206.0 0.00 0.00
996.0 206.0 0.00 0.00
70.0 207.0 0.00 0.00
879.0 207.0 0.00 0.00
12.0 208.0 0.00 0.00
79.0 208.0 0.00 0.00
93.0 208.0 0.00 0.00
898.0 208.0 0.00 0.00
903.0 208.0 0.00 0.00
908.0 208.0 0.00 0.00
925.0 208.0 0.00 0.00
947.0 208.0 0.00 0.00
25.0 209.0 0.00 0.00
38.0 209.0 0.00 0.00
48.0 209.0 0.00 0.00
132.0 209.0 0.00 0.00
143.0 209.0 0.00 0.00
148.0 209.0 0.00 0.00
191.0 209.0 0.00 0.00
206.0 209.0 0.00 0.00
765.0 209.0 0.00 0.00
853.0 209.0 0.00 0.00
942.0 209.0 0.00 0.00
956.0 209.0 0.00 0.00
20.0 210.0 0.00 0.00
173.0 210.0 0.00 0.00
870.0 210.0 0.00 0.00
918.0 210.0 0.00 0.00
937.0 210.0 0.00 0.00
965.0 210.0 0.00 0.00
64.0 211.0 0.00 0.00
725.0 211.0 0.00 0.00
930.0 211.0 0.00 0.00
1008.0 211.0 0.00 0.00
59.0 212.0 0.00 0.00
69.0 212.0 0.00 0.00
107.0 212.0 0.00 0.00
242.0 212.0 0.00 0.00
756.0 212.0 0.00 0.00
11.0 213.0 0.00 0.00
93.0 213.0 0.00 0.00
743.0 213.0 0.00 0.00
783.0 213.0 0.00 0.00
809.0 213.0 0.00 0.00
860.0 213.0 0.00 0.00
893.0 213.0 0.00 0.00
925.0 213.0 0.00 0.00
970.0 213.0 0.00 0.00
48.0 214.0 0.00 0.00
53.0 214.0 0.00 0.00
130.0 214.0 0.00 0.00
135.0 214.0 0.00 0.00
907.0 214.0 0.00 0.00
984.0 214.0 0.00 0.00
140.0 215.0 0.00 0.00
154.0 215.0 0.00 0.00
159.0 215.0 0.00 0.00
795.0 215.0 0.00 0.00
803.0 215.0 0.00 0.00
979.0 215.0 0.00 0.00
41.0 216.0 0.00 0.00
175.0 216.0 0.00 0.00
250.0 216.0 0.00 0.00
287.0 216.0 0.00 0.00
930.0 216.0 0.00 0.00
937.0 216.0 0.00 0.00
60.0 217.0 0.00 0.00
201.0 217.0 0.00 0.00
210.0 217.0 0.00 0.00
215.0 217.0 0.00 0.00
238.0 217.0 0.00 0.00
196.0 218.0 0.00 0.00
745.0 218.0 0.00 0.00
913.0 218.0 0.00 0.00
1004.0 218.0 0.00 0.00
170.0 219.0 0.00 0.00
772.0 219.0 0.00 0.00
899.0 219.0 0.00 0.00
908.0 219.0 0.00 0.00
8.0 220.0 0.00 0.00
144.0 220.0 0.00 0.00
149.0 220.0 0.00 0.00
854.0 220.0 0.00 0.00
860.0 220.0 0.00 0.00
865.0 220.0 0.00 0.00
882.0 220.0 0.00 0.00
990.0 220.0 0.00 0.00
13.0 221.0 0.00 0.00
19.0 221.0 0.00 0.00
26.0 221.0 0.00 0.00
31.0 221.0 0.00 0.00
113.0 221.0 0.00 0.00
826.0 221.0 0.00 0.00
870.0 221.0 0.00 0.00
922.0 221.0 0.00 0.00
931.0 221.0 0.00 0.00
942.0 221.0 0.00 0.00
958.0 221.0 0.00 0.00
56.0 222.0 0.00 0.00
261.0 222.0 0.00 0.00
963.0 222.0 0.00 0.00
51.0 223.0 0.00 0.00
66.0 223.0 0.00 0.00
72.0 223.0 0.00 0.00
80.0 223.0 0.00 0.00
163.0 223.0 0.00 0.00
733.0 223.0 0.00 0.00
762.0 223.0 0.00 0.00
917.0 223.0 0.00 0.00
85.0 224.0 0.00 0.00
134.0 224.0 0.00 0.00
140.0 225.0 0.00 0.00
147.0 225.0 0.00 0.00
156.0 225.0 0.00 0.00
220.0 225.0 0.00 0.00
776.0 225.0 0.00 0.00
887.0 225.0 0.00 0.00
906.0 225.0 0.00 0.00
18.0 226.0 0.00 0.00
168.0 226.0 0.00 0.00
186.0 226.0 0.00 0.00
284.0 226.0 0.00 0.00
751.0 226.0 0.00 0.00
874.0 226.0 0.00 0.00
929.0 226.0 0.00 0.00
895.0 227.0 0.00 0.00
934.0 227.0 0.00 0.00
954.0 227.0 0.00 0.00
9.0 228.0 0.00 0.00
66.0 228.0 0.00 0.00
73.0 228.0 0.00 0.00
121.0 228.0 0.00 0.00
274.0 228.0 0.00 0.00
815.0 228.0 0.00 0.00
78.0 229.0 0.00 0.00
174.0 229.0 0.00 0.00
941.0 229.0 0.00 0.00
992.0 229.0 0.00 0.00
35.0 230.0 0.00 0.00
40.0 230.0 0.00 0.00
148.0 230.0 0.00 0.00
776.0 230.0 0.00 0.00
851.0 230.0 0.00 0.00
959.0 230.0 0.00 0.00
18.0 231.0 0.00 0.00
24.0 231.0 0.00 0.00
46.0 231.0 0.00 0.00
105.0 231.0 0.00 0.00
179.0 231.0 0.00 0.00
883.0 231.0 0.00 0.00
900.0 231.0 0.00 0.00
918.0 231.0 0.00 0.00
923.0 231.0 0.00 0.00
100.0 232.0 0.00 0.00
279.0 232.0 0.00 0.00
837.0 232.0 0.00 0.00
862.0 232.0 0.00 0.00
874.0 232.0 0.00 0.00
906.0 232.0 0.00 0.00
953.0 232.0 0.00 0.00
978.0 232.0 0.00 0.00
68.0 233.0 0.00 0.00
94.0 233.0 0.00 0.00
186.0 233.0 0.00 0.00
928.0 233.0 0.00 0.00
88.0 234.0 0.00 0.00
288.0 234.0 0.00 0.00
943.0 234.0 0.00 0.00
136.0 235.0 0.00 0.00
740.0 235.0 0.00 0.00
776.0 235.0 0.00 0.00
958.0 235.0 0.00 0.00
192.0 236.0 0.00 0.00
756.0 236.0 0.00 0.00
781.0 236.0 0.00 0.00
789.0 236.0 0.00 0.00
918.0 236.0 0.00 0.00
17.0 237.0 0.00 0.00
77.0 237.0 0.00 0.00
148.0 237.0 0.00 0.00
197.0 237.0 0.00 0.00
276.0 237.0 0.00 0.00
838.0 237.0 0.00 0.00
869.0 237.0 0.00 0.00
874.0 237.0 0.00 0.00
888.0 237.0 0.00 0.00
28.0 238.0 0.00 0.00
203.0 238.0 0.00 0.00
240.0 238.0 0.00 0.00
849.0 238.0 0.00 0.00
927.0 238.0 0.00 0.00
992.0 238.0 0.00 0.00
49.0 239.0 0.00 0.00
119.0 239.0 0.00 0.00
212.0 239.0 0.00 0.00
267.0 239.0 0.00 0.00
301.0 239.0 0.00 0.00
803.0 239.0 0.00 0.00
902.0 239.0 0.00 0.00
913.0 239.0 0.00 0.00
54.0 240.0 0.00 0.00
97.0 240.0 0.00 0.00
141.0 240.0 0.00 0.00
751.0 240.0 0.00 0.00
767.0 240.0 0.00 0.00
908.0 240.0 0.00 0.00
62.0 241.0 0.00 0.00
758.0 241.0 0.00 0.00
793.0 241.0 0.00 0.00
813.0 241.0 0.00 0.00
883.0 241.0 0.00 0.00
897.0 241.0 0.00 0.00
922.0 241.0 0.00 0.00
934.0 241.0 0.00 0.00
957.0 241.0 0.00 0.00
162.0 242.0 0.00 0.00
228.0 242.0 0.00 0.00
949.0 242.0 0.00 0.00
979.0 242.0 0.00 0.00
221.0 243.0 0.00 0.00
825.0 243.0 0.00 0.00
862.0 243.0 0.00 0.00
874.0 243.0 0.00 0.00
929.0 243.0 0.00 0.00
986.0 243.0 0.00 0.00
276.0 244.0 0.00 0.00
286.0 244.0 0.00 0.00
744.0 244.0 0.00 0.00
868.0 244.0 0.00 0.00
966.0 244.0 0.00 0.00
752.0 245.0 0.00 0.00
902.0 245.0 0.00 0.00
917.0 245.0 0.00 0.00
27.0 246.0 0.00 0.00
296.0 246.0 0.00 0.00
757.0 246.0 0.00 0.00
788.0 246.0 0.00 0.00
21.0 247.0 0.00 0.00
32.0 247.0 0.00 0.00
41.0 247.0 0.00 0.00
261.0 247.0 0.00 0.00
13.0 248.0 0.00 0.00
47.0 248.0 0.00 0.00
91.0 248.0 0.00 0.00
101.0 248.0 0.00 0.00
139.0 248.0 0.00 0.00
215.0 248.0 0.00 0.00
738.0 248.0 0.00 0.00
812.0 248.0 0.00 0.00
829.0 248.0 0.00 0.00
861.0 248.0 0.00 0.00
873.0 248.0 0.00 0.00
942.0 248.0 0.00 0.00
994.0 248.0 0.00 0.00
52.0 249.0 0.00 0.00
57.0 249.0 0.00 0.00
62.0 249.0 0.00 0.00
67.0 249.0 0.00 0.00
72.0 249.0 0.00 0.00
77.0 249.0 0.00 0.00
96.0 249.0 0.00 0.00
108.0 249.0 0.00 0.00
127.0 249.0 0.00 0.00
132.0 249.0 0.00 0.00
144.0 249.0 0.00 0.00
150.0 249.0 0.00 0.00
248.0 249.0 0.00 0.00
275.0 249.0 0.00 0.00
856.0 249.0 0.00 0.00
878.0 249.0 0.00 0.00
890.0 249.0 0.00 0.00
1000.0 249.0 0.00 0.00
117.0 250.0 0.00 0.00
122.0 250.0 0.00 0.00
156.0 250.0 0.00 0.00
207.0 250.0 0.00 0.00
851.0 250.0 0.00 0.00
868.0 250.0 0.00 0.00
920.0 250.0 0.00 0.00
162.0 251.0 0.00 0.00
298.0 251.0 0.00 0.00
749.0 251.0 0.00 0.00
900.0 251.0 0.00 0.00
966.0 251.0 0.00 0.00
167.0 252.0 0.00 0.00
845.0 252.0 0.00 0.00
937.0 252.0 0.00 0.00
973.0 252.0 0.00 0.00
175.0 253.0 0.00 0.00
286.0 253.0 0.00 0.00
307.0 253.0 0.00 0.00
738.0 253.0 0.00 0.00
761.0 253.0 0.00 0.00
957.0 253.0 0.00 0.00
1009.0 253.0 0.00 0.00
180.0 254.0 0.00 0.00
189.0 254.0 0.00 0.00
248.0 254.0 0.00 0.00
271.0 254.0 0.00 0.00
276.0 254.0 0.00 0.00
840.0 254.0 0.00 0.00
881.0 254.0 0.00 0.00
931.0 254.0 0.00 0.00
194.0 255.0 0.00 0.00
868.0 255.0 0.00 0.00
120.0 256.0 0.00 0.00
202.0 256.0 0.00 0.00
229.0 256.0 0.00 0.00
749.0 256.0 0.00 0.00
790.0 256.0 0.00 0.00
901.0 256.0 0.00 0.00
209.0 257.0 0.00 0.00
939.0 257.0 0.00 0.00
985.0 257.0 0.00 0.00
996.0 257.0 0.00 0.00
1002.0 257.0 0.00 0.00
44.0 258.0 0.00 0.00
102.0 258.0 0.00 0.00
215.0 258.0 0.00 0.00
742.0 258.0 0.00 0.00
825.0 258.0 0.00 0.00
894.0 258.0 0.00 0.00
908.0 258.0 0.00 0.00
924.0 258.0 0.00 0.00
67.0 259.0 0.00 0.00
277.0 259.0 0.00 0.00
869.0 260.0 0.00 0.00
915.0 260.0 0.00 0.00
62.0 261.0 0.00 0.00
232.0 261.0 0.00 0.00
237.0 261.0 0.00 0.00
792.0 261.0 0.00 0.00
874.0 261.0 0.00 0.00
952.0 261.0 0.00 0.00
963.0 261.0 0.00 0.00
1013.0 261.0 0.00 0.00
56.0 262.0 0.00 0.00
816.0 262.0 0.00 0.00
940.0 262.0 0.00 0.00
45.0 263.0 0.00 0.00
243.0 263.0 0.00 0.00
743.0 263.0 0.00 0.00
883.0 263.0 0.00 0.00
893.0 263.0 0.00 0.00
925.0 263.0 0.00 0.00
111.0 264.0 0.00 0.00
269.0 264.0 0.00 0.00
278.0 264.0 0.00 0.00
285.0 264.0 0.00 0.00
294.0 264.0 0.00 0.00
888.0 264.0 0.00 0.00
930.0 264.0 0.00 0.00
935.0 264.0 0.00 0.00
308.0 265.0 0.00 0.00
320.0 265.0 0.00 0.00
916.0 265.0 0.00 0.00
77.0 266.0 0.00 0.00
253.0 266.0 0.00 0.00
905.0 266.0 0.00 0.00
956.0 266.0 0.00 0.00
971.0 266.0 0.00 0.00
1015.0 266.0 0.00 0.00
35.0 267.0 0.00 0.00
258.0 267.0 0.00 0.00
943.0 267.0 0.00 0.00
263.0 268.0 0.00 0.00
749.0 268.0 0.00 0.00
754.0 268.0 0.00 0.00
828.0 268.0 0.00 0.00
999.0 268.0 0.00 0.00
212.0 269.0 0.00 0.00
274.0 269.0 0.00 0.00
856.0 269.0 0.00 0.00
322.0 270.0 0.00 0.00
923.0 270.0 0.00 0.00
314.0 271.0 0.00 0.00
765.0 271.0 0.00 0.00
837.0 271.0 0.00 0.00
912.0 271.0 0.00 0.00
969.0 271.0 0.00 0.00
987.0 271.0 0.00 0.00
189.0 272.0 0.00 0.00
842.0 272.0 0.00 0.00
955.0 272.0 0.00 0.00
982.0 272.0 0.00 0.00
705.0 273.0 0.00 0.00
847.0 273.0 0.00 0.00
889.0 273.0 0.00 0.00
944.0 273.0 0.00 0.00
949.0 273.0 0.00 0.00
179.0 274.0 0.00 0.00
303.0 274.0 0.00 0.00
750.0 274.0 0.00 0.00
865.0 274.0 0.00 0.00
870.0 274.0 0.00 0.00
939.0 274.0 0.00 0.00
977.0 274.0 0.00 0.00
158.0 275.0 0.00 0.00
285.0 275.0 0.00 0.00
324.0 275.0 0.00 0.00
727.0 275.0 0.00 0.00
919.0 275.0 0.00 0.00
1010.0 275.0 0.00 0.00
199.0 276.0 0.00 0.00
232.0 276.0 0.00 0.00
313.0 276.0 0.00 0.00
837.0 276.0 0.00 0.00
962.0 276.0 0.00 0.00
967.0 276.0 0.00 0.00
972.0 276.0 0.00 0.00
218.0 277.0 0.00 0.00
271.0 277.0 0.00 0.00
333.0 277.0 0.00 0.00
641.0 277.0 0.00 0.00
881.0 277.0 0.00 0.00
932.0 277.0 0.00 0.00
954.0 277.0 0.00 0.00
51.0 278.0 0.00 0.00
338.0 278.0 0.00 0.00
446.0 278.0 0.00 0.00
890.0 278.0 0.00 0.00
1001.0 278.0 0.00 0.00
1015.0 278.0 0.00 0.00
57.0 279.0 0.00 0.00
344.0 279.0 0.00 0.00
438.0 279.0 0.00 0.00
627.0 279.0 0.00 0.00
898.0 279.0 0.00 0.00
903.0 279.0 0.00 0.00
62.0 280.0 0.00 0.00
106.0 280.0 0.00 0.00
140.0 280.0 0.00 0.00
171.0 280.0 0.00 0.00
349.0 280.0 0.00 0.00
359.0 280.0 0.00 0.00
365.0 280.0 0.00 0.00
457.0 280.0 0.00 0.00
586.0 280.0 0.00 0.00
617.0 280.0 0.00 0.00
622.0 280.0 0.00 0.00
804.0 280.0 0.00 0.00
809.0 280.0 0.00 0.00
918.0 280.0 0.00 0.00
977.0 280.0 0.00 0.00
421.0 281.0 0.00 0.00
466.0 281.0 0.00 0.00
754.0 281.0 0.00 0.00
797.0 281.0 0.00 0.00
8.0 282.0 0.00 0.00
97.0 282.0 0.00 0.00
285.0 282.0 0.00 0.00
333.0 282.0 0.00 0.00
371.0 282.0 0.00 0.00
414.0 282.0 0.00 0.00
426.0 282.0 0.00 0.00
792.0 282.0 0.00 0.00
1006.0 282.0 0.00 0.00
432.0 283.0 0.00 0.00
840.0 283.0 0.00 0.00
1014.0 283.0 0.00 0.00
327.0 284.0 0.00 0.00
472.0 284.0 0.00 0.00
913.0 284.0 0.00 0.00
951.0 284.0 0.00 0.00
347.0 285.0 0.00 0.00
353.0 285.0 0.00 0.00
776.0 285.0 0.00 0.00
804.0 285.0 0.00 0.00
817.0 285.0 0.00 0.00
824.0 285.0 0.00 0.00
829.0 285.0 0.00 0.00
834.0 285.0 0.00 0.00
313.0 286.0 0.00 0.00
781.0 286.0 0.00 0.00
786.0 286.0 0.00 0.00
182.0 287.0 0.00 0.00
206.0 287.0 0.00 0.00
272.0 287.0 0.00 0.00
297.0 287.0 0.00 0.00
477.0 287.0 0.00 0.00
672.0 287.0 0.00 0.00
687.0 287.0 0.00 0.00
761.0 287.0 0.00 0.00
771.0 287.0 0.00 0.00
888.0 287.0 0.00 0.00
969.0 287.0 0.00 0.00
286.0 288.0 0.00 0.00
378.0 288.0 0.00 0.00
661.0 288.0 0.00 0.00
755.0 288.0 0.00 0.00
766.0 288.0 0.00 0.00
922.0 288.0 0.00 0.00
243.0 289.0 0.00 0.00
335.0 289.0 0.00 0.00
860.0 289.0 0.00 0.00
10.0 290.0 0.00 0.00
145.0 290.0 0.00 0.00
258.0 290.0 0.00 0.00
292.0 290.0 0.00 0.00
352.0 290.0 0.00 0.00
399.0 290.0 0.00 0.00
516.0 290.0 0.00 0.00
830.0 290.0 0.00 0.00
993.0 290.0 0.00 0.00
998.0 290.0 0.00 0.00
747.0 291.0 0.00 0.00
1003.0 291.0 0.00 0.00
206.0 292.0 0.00 0.00
227.0 292.0 0.00 0.00
267.0 292.0 0.00 0.00
343.0 292.0 0.00 0.00
387.0 292.0 0.00 0.00
725.0 292.0 0.00 0.00
905.0 292.0 0.00 0.00
981.0 292.0 0.00 0.00
1015.0 292.0 0.00 0.00
162.0 293.0 0.00 0.00
419.0 293.0 0.00 0.00
483.0 293.0 0.00 0.00
767.0 293.0 0.00 0.00
936.0 293.0 0.00 0.00
408.0 294.0 0.00 0.00
413.0 294.0 0.00 0.00
425.0 294.0 0.00 0.00
470.0 294.0 0.00 0.00
825.0 294.0 0.00 0.00
969.0 294.0 0.00 0.00
10.0 295.0 0.00 0.00
291.0 295.0 0.00 0.00
327.0 295.0 0.00 0.00
401.0 295.0 0.00 0.00
562.0 295.0 0.00 0.00
638.0 295.0 0.00 0.00
850.0 295.0 0.00 0.00
885.0 295.0 0.00 0.00
255.0 296.0 0.00 0.00
332.0 296.0 0.00 0.00
432.0 296.0 0.00 0.00
544.0 296.0 0.00 0.00
665.0 296.0 0.00 0.00
832.0 296.0 0.00 0.00
1004.0 296.0 0.00 0.00
206.0 297.0 0.00 0.00
226.0 297.0 0.00 0.00
238.0 297.0 0.00 0.00
522.0 297.0 0.00 0.00
679.0 297.0 0.00 0.00
807.0 297.0 0.00 0.00
916.0 297.0 0.00 0.00
1014.0 297.0 0.00 0.00
44.0 298.0 0.00 0.00
161.0 298.0 0.00 0.00
166.0 298.0 0.00 0.00
492.0 298.0 0.00 0.00
505.0 298.0 0.00 0.00
510.0 298.0 0.00 0.00
527.0 298.0 0.00 0.00
532.0 298.0 0.00 0.00
576.0 298.0 0.00 0.00
591.0 298.0 0.00 0.00
766.0 298.0 0.00 0.00
931.0 298.0 0.00 0.00
231.0 299.0 0.00 0.00
363.0 299.0 0.00 0.00
629.0 299.0 0.00 0.00
701.0 299.0 0.00 0.00
743.0 299.0 0.00 0.00
781.0 299.0 0.00 0.00
789.0 299.0 0.00 0.00
840.0 299.0 0.00 0.00
896.0 299.0 0.00 0.00
969.0 299.0 0.00 0.00
13.0 300.0 0.00 0.00
129.0 300.0 0.00 0.00
278.0 300.0 0.00 0.00
283.0 300.0 0.00 0.00
355.0 300.0 0.00 0.00
485.0 300.0 0.00 0.00
606.0 300.0 0.00 0.00
611.0 300.0 0.00 0.00
639.0 300.0 0.00 0.00
724.0 300.0 0.00 0.00
998.0 300.0 0.00 0.00
65.0 301.0 0.00 0.00
77.0 301.0 0.00 0.00
113.0 301.0 0.00 0.00
155.0 301.0 0.00 0.00
562.0 301.0 0.00 0.00
601.0 301.0 0.00 0.00
738.0 301.0 0.00 0.00
146.0 302.0 0.00 0.00
172.0 302.0 0.00 0.00
376.0 302.0 0.00 0.00
537.0 302.0 0.00 0.00
624.0 302.0 0.00 0.00
680.0 302.0 0.00 0.00
686.0 302.0 0.00 0.00
92.0 303.0 0.00 0.00
177.0 303.0 0.00 0.00
305.0 303.0 0.00 0.00
320.0 303.0 0.00 0.00
341.0 303.0 0.00 0.00
473.0 303.0 0.00 0.00
478.0 303.0 0.00 0.00
504.0 303.0 0.00 0.00
588.0 303.0 0.00 0.00
593.0 303.0 0.00 0.00
619.0 303.0 0.00 0.00
706.0 303.0 0.00 0.00
766.0 303.0 0.00 0.00
832.0 303.0 0.00 0.00
882.0 303.0 0.00 0.00
887.0 303.0 0.00 0.00
931.0 303.0 0.00 0.00
983.0 303.0 0.00 0.00
97.0 304.0 0.00 0.00
227.0 304.0 0.00 0.00
273.0 304.0 0.00 0.00
398.0 304.0 0.00 0.00
414.0 304.0 0.00 0.00
545.0 304.0 0.00 0.00
583.0 304.0 0.00 0.00
693.0 304.0 0.00 0.00
716.0 304.0 0.00 0.00
759.0 304.0 0.00 0.00
845.0 304.0 0.00 0.00
876.0 304.0 0.00 0.00
350.0 305.0 0.00 0.00
355.0 305.0 0.00 0.00
550.0 305.0 0.00 0.00
557.0 305.0 0.00 0.00
630.0 305.0 0.00 0.00
840.0 305.0 0.00 0.00
905.0 305.0 0.00 0.00
292.0 306.0 0.00 0.00
464.0 306.0 0.00 0.00
569.0 306.0 0.00 0.00
655.0 306.0 0.00 0.00
785.0 306.0 0.00 0.00
892.0 306.0 0.00 0.00
198.0 307.0 0.00 0.00
489.0 307.0 0.00 0.00
512.0 307.0 0.00 0.00
517.0 307.0 0.00 0.00
823.0 307.0 0.00 0.00
9.0 308.0 0.00 0.00
14.0 308.0 0.00 0.00
41.0 308.0 0.00 0.00
46.0 308.0 0.00 0.00
52.0 308.0 0.00 0.00
505.0 308.0 0.00 0.00
611.0 308.0 0.00 0.00
766.0 308.0 0.00 0.00
833.0 308.0 0.00 0.00
19.0 309.0 0.00 0.00
57.0 309.0 0.00 0.00
66.0 309.0 0.00 0.00
71.0 309.0 0.00 0.00
76.0 309.0 0.00 0.00
87.0 309.0 0.00 0.00
104.0 309.0 0.00 0.00
109.0 309.0 0.00 0.00
142.0 309.0 0.00 0.00
147.0 309.0 0.00 0.00
159.0 309.0 0.00 0.00
165.0 309.0 0.00 0.00
228.0 309.0 0.00 0.00
239.0 309.0 0.00 0.00
254.0 309.0 0.00 0.00
328.0 309.0 0.00 0.00
415.0 309.0 0.00 0.00
478.0 309.0 0.00 0.00
616.0 309.0 0.00 0.00
748.0 309.0 0.00 0.00
758.0 309.0 0.00 0.00
932.0 309.0 0.00 0.00
1007.0 309.0 0.00 0.00
34.0 310.0 0.00 0.00
126.0 310.0 0.00 0.00
131.0 310.0 0.00 0.00
137.0 310.0 0.00 0.00
211.0 310.0 0.00 0.00
223.0 310.0 0.00 0.00
233.0 310.0 0.00 0.00
246.0 310.0 0.00 0.00
315.0 310.0 0.00 0.00
334.0 310.0 0.00 0.00
355.0 310.0 0.00 0.00
361.0 310.0 0.00 0.00
606.0 310.0 0.00 0.00
740.0 310.0 0.00 0.00
801.0 310.0 0.00 0.00
179.0 311.0 0.00 0.00
261.0 311.0 0.00 0.00
293.0 311.0 0.00 0.00
375.0 311.0 0.00 0.00
381.0 311.0 0.00 0.00
386.0 311.0 0.00 0.00
393.0 311.0 0.00 0.00
401.0 311.0 0.00 0.00
406.0 311.0 0.00 0.00
431.0 311.0 0.00 0.00
776.0 311.0 0.00 0.00
791.0 311.0 0.00 0.00
796.0 311.0 0.00 0.00
854.0 311.0 0.00 0.00
216.0 312.0 0.00 0.00
304.0 312.0 0.00 0.00
309.0 312.0 0.00 0.00
347.0 312.0 0.00 0.00
771.0 312.0 0.00 0.00
782.0 312.0 0.00 0.00
891.0 312.0 0.00 0.00
1000.0 312.0 0.00 0.00
280.0 313.0 0.00 0.00
424.0 313.0 0.00 0.00
438.0 313.0 0.00 0.00
676.0 313.0 0.00 0.00
836.0 313.0 0.00 0.00
863.0 313.0 0.00 0.00
79.0 314.0 0.00 0.00
267.0 314.0 0.00 0.00
562.0 314.0 0.00 0.00
616.0 314.0 0.00 0.00
641.0 314.0 0.00 0.00
686.0 314.0 0.00 0.00
749.0 314.0 0.00 0.00
901.0 314.0 0.00 0.00
232.0 315.0 0.00 0.00
338.0 315.0 0.00 0.00
489.0 315.0 0.00 0.00
576.0 315.0 0.00 0.00
584.0 315.0 0.00 0.00
605.0 315.0 0.00 0.00
611.0 315.0 0.00 0.00
621.0 315.0 0.00 0.00
626.0 315.0 0.00 0.00
815.0 315.0 0.00 0.00
880.0 315.0 0.00 0.00
885.0 315.0 0.00 0.00
100.0 316.0 0.00 0.00
295.0 316.0 0.00 0.00
386.0 316.0 0.00 0.00
415.0 316.0 0.00 0.00
458.0 316.0 0.00 0.00
484.0 316.0 0.00 0.00
591.0 316.0 0.00 0.00
597.0 316.0 0.00 0.00
667.0 316.0 0.00 0.00
913.0 316.0 0.00 0.00
932.0 316.0 0.00 0.00
112.0 317.0 0.00 0.00
322.0 317.0 0.00 0.00
368.0 317.0 0.00 0.00
398.0 317.0 0.00 0.00
403.0 317.0 0.00 0.00
471.0 317.0 0.00 0.00
479.0 317.0 0.00 0.00
652.0 317.0 0.00 0.00
662.0 317.0 0.00 0.00
772.0 317.0 0.00 0.00
843.0 317.0 0.00 0.00
919.0 317.0 0.00 0.00
1005.0 317.0 0.00 0.00
22.0 318.0 0.00 0.00
88.0 318.0 0.00 0.00
134.0 318.0 0.00 0.00
280.0 318.0 0.00 0.00
449.0 318.0 0.00 0.00
657.0 318.0 0.00 0.00
1015.0 318.0 0.00 0.00
32.0 319.0 0.00 0.00
83.0 319.0 0.00 0.00
105.0 319.0 0.00 0.00
120.0 319.0 0.00 0.00
169.0 319.0 0.00 0.00
856.0 319.0 0.00 0.00
125.0 320.0 0.00 0.00
232.0 320.0 0.00 0.00
357.0 320.0 0.00 0.00
438.0 320.0 0.00 0.00
494.0 320.0 0.00 0.00
505.0 320.0 0.00 0.00
628.0 320.0 0.00 0.00
983.0 320.0 0.00 0.00
1010.0 320.0 0.00 0.00
147.0 321.0 0.00 0.00
245.0 321.0 0.00 0.00
380.0 321.0 0.00 0.00
385.0 321.0 0.00 0.00
600.0 321.0 0.00 0.00
837.0 321.0 0.00 0.00
875.0 321.0 0.00 0.00
910.0 321.0 0.00 0.00
141.0 322.0 0.00 0.00
327.0 322.0 0.00 0.00
338.0 322.0 0.00 0.00
350.0 322.0 0.00 0.00
368.0 322.0 0.00 0.00
418.0 322.0 0.00 0.00
423.0 322.0 0.00 0.00
640.0 322.0 0.00 0.00
843.0 322.0 0.00 0.00
870.0 322.0 0.00 0.00
896.0 322.0 0.00 0.00
999.0 322.0 0.00 0.00
111.0 323.0 0.00 0.00
300.0 323.0 0.00 0.00
333.0 323.0 0.00 0.00
345.0 323.0 0.00 0.00
394.0 323.0 0.00 0.00
428.0 323.0 0.00 0.00
534.0 323.0 0.00 0.00
548.0 323.0 0.00 0.00
553.0 323.0 0.00 0.00
560.0 323.0 0.00 0.00
918.0 323.0 0.00 0.00
923.0 323.0 0.00 0.00
72.0 324.0 0.00 0.00
212.0 324.0 0.00 0.00
256.0 324.0 0.00 0.00
283.0 324.0 0.00 0.00
462.0 324.0 0.00 0.00
621.0 324.0 0.00 0.00
776.0 324.0 0.00 0.00
798.0 324.0 0.00 0.00
865.0 324.0 0.00 0.00
53.0 325.0 0.00 0.00
125.0 325.0 0.00 0.00
221.0 325.0 0.00 0.00
357.0 325.0 0.00 0.00
400.0 325.0 0.00 0.00
438.0 325.0 0.00 0.00
443.0 325.0 0.00 0.00
457.0 325.0 0.00 0.00
505.0 325.0 0.00 0.00
581.0 325.0 0.00 0.00
648.0 325.0 0.00 0.00
653.0 325.0 0.00 0.00
760.0 325.0 0.00 0.00
765.0 325.0 0.00 0.00
789.0 325.0 0.00 0.00
1010.0 325.0 0.00 0.00
470.0 326.0 0.00 0.00
571.0 326.0 0.00 0.00
687.0 326.0 0.00 0.00
751.0 326.0 0.00 0.00
838.0 326.0 0.00 0.00
909.0 326.0 0.00 0.00
80.0 327.0 0.00 0.00
418.0 327.0 0.00 0.00
516.0 327.0 0.00 0.00
521.0 327.0 0.00 0.00
636.0 327.0 0.00 0.00
641.0 327.0 0.00 0.00
707.0 327.0 0.00 0.00
849.0 327.0 0.00 0.00
855.0 327.0 0.00 0.00
860.0 327.0 0.00 0.00
870.0 327.0 0.00 0.00
112.0 328.0 0.00 0.00
234.0 328.0 0.00 0.00
323.0 328.0 0.00 0.00
423.0 328.0 0.00 0.00
599.0 328.0 0.00 0.00
661.0 328.0 0.00 0.00
666.0 328.0 0.00 0.00
671.0 328.0 0.00 0.00
883.0 328.0 0.00 0.00
19.0 329.0 0.00 0.00
69.0 329.0 0.00 0.00
140.0 329.0 0.00 0.00
378.0 329.0 0.00 0.00
383.0 329.0 0.00 0.00
395.0 329.0 0.00 0.00
428.0 329.0 0.00 0.00
433.0 329.0 0.00 0.00
544.0 329.0 0.00 0.00
622.0 329.0 0.00 0.00
811.0 329.0 0.00 0.00
931.0 329.0 0.00 0.00
1001.0 329.0 0.00 0.00
126.0 330.0 0.00 0.00
407.0 330.0 0.00 0.00
482.0 330.0 0.00 0.00
487.0 330.0 0.00 0.00
492.0 330.0 0.00 0.00
764.0 330.0 0.00 0.00
785.0 330.0 0.00 0.00
833.0 330.0 0.00 0.00
920.0 330.0 0.00 0.00
1014.0 330.0 0.00 0.00
121.0 331.0 0.00 0.00
132.0 331.0 0.00 0.00
150.0 331.0 0.00 0.00
161.0 331.0 0.00 0.00
343.0 331.0 0.00 0.00
354.0 331.0 0.00 0.00
367.0 331.0 0.00 0.00
444.0 331.0 0.00 0.00
449.0 331.0 0.00 0.00
469.0 331.0 0.00 0.00
505.0 331.0 0.00 0.00
615.0 331.0 0.00 0.00
910.0 331.0 0.00 0.00
8.0 332.0 0.00 0.00
256.0 332.0 0.00 0.00
267.0 332.0 0.00 0.00
272.0 332.0 0.00 0.00
277.0 332.0 0.00 0.00
282.0 332.0 0.00 0.00
317.0 332.0 0.00 0.00
514.0 332.0 0.00 0.00
519.0 332.0 0.00 0.00
524.0 332.0 0.00 0.00
533.0 332.0 0.00 0.00
759.0 332.0 0.00 0.00
818.0 332.0 0.00 0.00
848.0 332.0 0.00 0.00
870.0 332.0 0.00 0.00
978.0 332.0 0.00 0.00
116.0 333.0 0.00 0.00
175.0 333.0 0.00 0.00
308.0 333.0 0.00 0.00
323.0 333.0 0.00 0.00
438.0 333.0 0.00 0.00
456.0 333.0 0.00 0.00
499.0 333.0 0.00 0.00
539.0 333.0 0.00 0.00
553.0 333.0 0.00 0.00
580.0 333.0 0.00 0.00
592.0 333.0 0.00 0.00
629.0 333.0 0.00 0.00
651.0 333.0 0.00 0.00
673.0 333.0 0.00 0.00
956.0 333.0 0.00 0.00
965.0 333.0 0.00 0.00
35.0 334.0 0.00 0.00
98.0 334.0 0.00 0.00
216.0 334.0 0.00 0.00
296.0 334.0 0.00 0.00
428.0 334.0 0.00 0.00
433.0 334.0 0.00 0.00
544.0 334.0 0.00 0.00
688.0 334.0 0.00 0.00
693.0 334.0 0.00 0.00
801.0 334.0 0.00 0.00
75.0 335.0 0.00 0.00
89.0 335.0 0.00 0.00
111.0 335.0 0.00 0.00
587.0 335.0 0.00 0.00
638.0 335.0 0.00 0.00
702.0 335.0 0.00 0.00
707.0 335.0 0.00 0.00
741.0 335.0 0.00 0.00
767.0 335.0 0.00 0.00
772.0 335.0 0.00 0.00
833.0 335.0 0.00 0.00
921.0 335.0 0.00 0.00
329.0 336.0 0.00 0.00
358.0 336.0 0.00 0.00
444.0 336.0 0.00 0.00
468.0 336.0 0.00 0.00
480.0 336.0 0.00 0.00
505.0 336.0 0.00 0.00
615.0 336.0 0.00 0.00
660.0 336.0 0.00 0.00
712.0 336.0 0.00 0.00
785.0 336.0 0.00 0.00
349.0 337.0 0.00 0.00
463.0 337.0 0.00 0.00
485.0 337.0 0.00 0.00
604.0 337.0 0.00 0.00
719.0 337.0 0.00 0.00
753.0 337.0 0.00 0.00
758.0 337.0 0.00 0.00
820.0 337.0 0.00 0.00
849.0 337.0 0.00 0.00
862.0 337.0 0.00 0.00
869.0 337.0 0.00 0.00
874.0 337.0 0.00 0.00
879.0 337.0 0.00 0.00
18.0 338.0 0.00 0.00
166.0 338.0 0.00 0.00
172.0 338.0 0.00 0.00
401.0 338.0 0.00 0.00
491.0 338.0 0.00 0.00
627.0 338.0 0.00 0.00
649.0 338.0 0.00 0.00
724.0 338.0 0.00 0.00
733.0 338.0 0.00 0.00
854.0 338.0 0.00 0.00
896.0 338.0 0.00 0.00
901.0 338.0 0.00 0.00
969.0 338.0 0.00 0.00
974.0 338.0 0.00 0.00
27.0 339.0 0.00 0.00
45.0 339.0 0.00 0.00
116.0 339.0 0.00 0.00
433.0 339.0 0.00 0.00
473.0 339.0 0.00 0.00
558.0 339.0 0.00 0.00
582.0 339.0 0.00 0.00
672.0 339.0 0.00 0.00
677.0 339.0 0.00 0.00
916.0 339.0 0.00 0.00
926.0 339.0 0.00 0.00
937.0 339.0 0.00 0.00
942.0 339.0 0.00 0.00
954.0 339.0 0.00 0.00
998.0 339.0 0.00 0.00
192.0 340.0 0.00 0.00
410.0 340.0 0.00 0.00
682.0 340.0 0.00 0.00
891.0 340.0 0.00 0.00
931.0 340.0 0.00 0.00
988.0 340.0 0.00 0.00
72.0 341.0 0.00 0.00
250.0 341.0 0.00 0.00
257.0 341.0 0.00 0.00
272.0 341.0 0.00 0.00
360.0 341.0 0.00 0.00
383.0 341.0 0.00 0.00
438.0 341.0 0.00 0.00
444.0 341.0 0.00 0.00
687.0 341.0 0.00 0.00
949.0 341.0 0.00 0.00
1011.0 341.0 0.00 0.00
67.0 342.0 0.00 0.00
206.0 342.0 0.00 0.00
232.0 342.0 0.00 0.00
237.0 342.0 0.00 0.00
245.0 342.0 0.00 0.00
262.0 342.0 0.00 0.00
598.0 342.0 0.00 0.00
613.0 342.0 0.00 0.00
802.0 342.0 0.00 0.00
845.0 342.0 0.00 0.00
867.0 342.0 0.00 0.00
883.0 342.0 0.00 0.00
959.0 342.0 0.00 0.00
449.0 343.0 0.00 0.00
454.0 343.0 0.00 0.00
515.0 343.0 0.00 0.00
532.0 343.0 0.00 0.00
539.0 343.0 0.00 0.00
544.0 343.0 0.00 0.00
572.0 343.0 0.00 0.00
608.0 343.0 0.00 0.00
627.0 343.0 0.00 0.00
692.0 343.0 0.00 0.00
748.0 343.0 0.00 0.00
855.0 343.0 0.00 0.00
59.0 344.0 0.00 0.00
117.0 344.0 0.00 0.00
184.0 344.0 0.00 0.00
226.0 344.0 0.00 0.00
286.0 344.0 0.00 0.00
344.0 344.0 0.00 0.00
370.0 344.0 0.00 0.00
556.0 344.0 0.00 0.00
562.0 344.0 0.00 0.00
567.0 344.0 0.00 0.00
580.0 344.0 0.00 0.00
621.0 344.0 0.00 0.00
669.0 344.0 0.00 0.00
697.0 344.0 0.00 0.00
736.0 344.0 0.00 0.00
761.0 344.0 0.00 0.00
999.0 344.0 0.00 0.00
159.0 345.0 0.00 0.00
192.0 345.0 0.00 0.00
214.0 345.0 0.00 0.00
551.0 345.0 0.00 0.00
130.0 346.0 0.00 0.00
330.0 346.0 0.00 0.00
335.0 346.0 0.00 0.00
353.0 346.0 0.00 0.00
362.0 346.0 0.00 0.00
438.0 346.0 0.00 0.00
459.0 346.0 0.00 0.00
481.0 346.0 0.00 0.00
586.0 346.0 0.00 0.00
591.0 346.0 0.00 0.00
649.0 346.0 0.00 0.00
686.0 346.0 0.00 0.00
709.0 346.0 0.00 0.00
724.0 346.0 0.00 0.00
807.0 346.0 0.00 0.00
948.0 346.0 0.00 0.00
980.0 346.0 0.00 0.00
78.0 347.0 0.00 0.00
146.0 347.0 0.00 0.00
298.0 347.0 0.00 0.00
325.0 347.0 0.00 0.00
384.0 347.0 0.00 0.00
391.0 347.0 0.00 0.00
406.0 347.0 0.00 0.00
413.0 347.0 0.00 0.00
427.0 347.0 0.00 0.00
596.0 347.0 0.00 0.00
603.0 347.0 0.00 0.00
790.0 347.0 0.00 0.00
866.0 347.0 0.00 0.00
204.0 348.0 0.00 0.00
291.0 348.0 0.00 0.00
377.0 348.0 0.00 0.00
396.0 348.0 0.00 0.00
401.0 348.0 0.00 0.00
418.0 348.0 0.00 0.00
487.0 348.0 0.00 0.00
493.0 348.0 0.00 0.00
501.0 348.0 0.00 0.00
538.0 348.0 0.00 0.00
543.0 348.0 0.00 0.00
633.0 348.0 0.00 0.00
638.0 348.0 0.00 0.00
661.0 348.0 0.00 0.00
719.0 348.0 0.00 0.00
747.0 348.0 0.00 0.00
871.0 348.0 0.00 0.00
121.0 349.0 0.00 0.00
250.0 349.0 0.00 0.00
509.0 349.0 0.00 0.00
567.0 349.0 0.00 0.00
579.0 349.0 0.00 0.00
621.0 349.0 0.00 0.00
670.0 349.0 0.00 0.00
761.0 349.0 0.00 0.00
844.0 349.0 0.00 0.00
923.0 349.0 0.00 0.00
174.0 350.0 0.00 0.00
816.0 350.0 0.00 0.00
1000.0 350.0 0.00 0.00
35.0 351.0 0.00 0.00
242.0 351.0 0.00 0.00
320.0 351.0 0.00 0.00
438.0 351.0 0.00 0.00
467.0 351.0 0.00 0.00
476.0 351.0 0.00 0.00
481.0 351.0 0.00 0.00
515.0 351.0 0.00 0.00
527.0 351.0 0.00 0.00
532.0 351.0 0.00 0.00
656.0 351.0 0.00 0.00
675.0 351.0 0.00 0.00
783.0 351.0 0.00 0.00
795.0 351.0 0.00 0.00
807.0 351.0 0.00 0.00
948.0 351.0 0.00 0.00
22.0 352.0 0.00 0.00
146.0 352.0 0.00 0.00
151.0 352.0 0.00 0.00
447.0 352.0 0.00 0.00
604.0 352.0 0.00 0.00
646.0 352.0 0.00 0.00
680.0 352.0 0.00 0.00
685.0 352.0 0.00 0.00
909.0 352.0 0.00 0.00
70.0 353.0 0.00 0.00
90.0 353.0 0.00 0.00
164.0 353.0 0.00 0.00
205.0 353.0 0.00 0.00
427.0 353.0 0.00 0.00
537.0 353.0 0.00 0.00
542.0 353.0 0.00 0.00
548.0 353.0 0.00 0.00
573.0 353.0 0.00 0.00
701.0 353.0 0.00 0.00
863.0 353.0 0.00 0.00
869.0 353.0 0.00 0.00
85.0 354.0 0.00 0.00
100.0 354.0 0.00 0.00
397.0 354.0 0.00 0.00
494.0 354.0 0.00 0.00
501.0 354.0 0.00 0.00
509.0 354.0 0.00 0.00
557.0 354.0 0.00 0.00
562.0 354.0 0.00 0.00
568.0 354.0 0.00 0.00
582.0 354.0 0.00 0.00
587.0 354.0 0.00 0.00
592.0 354.0 0.00 0.00
597.0 354.0 0.00 0.00
748.0 354.0 0.00 0.00
62.0 355.0 0.00 0.00
110.0 355.0 0.00 0.00
195.0 355.0 0.00 0.00
277.0 355.0 0.00 0.00
349.0 355.0 0.00 0.00
370.0 355.0 0.00 0.00
520.0 355.0 0.00 0.00
636.0 355.0 0.00 0.00
692.0 355.0 0.00 0.00
706.0 355.0 0.00 0.00
711.0 355.0 0.00 0.00
716.0 355.0 0.00 0.00
815.0 355.0 0.00 0.00
883.0 355.0 0.00 0.00
48.0 356.0 0.00 0.00
115.0 356.0 0.00 0.00
127.0 356.0 0.00 0.00
132.0 356.0 0.00 0.00
625.0 356.0 0.00 0.00
641.0 356.0 0.00 0.00
658.0 356.0 0.00 0.00
727.0 356.0 0.00 0.00
733.0 356.0 0.00 0.00
762.0 356.0 0.00 0.00
986.0 356.0 0.00 0.00
147.0 357.0 0.00 0.00
223.0 357.0 0.00 0.00
320.0 357.0 0.00 0.00
406.0 357.0 0.00 0.00
653.0 357.0 0.00 0.00
671.0 357.0 0.00 0.00
922.0 357.0 0.00 0.00
928.0 357.0 0.00 0.00
205.0 358.0 0.00 0.00
361.0 358.0 0.00 0.00
483.0 358.0 0.00 0.00
790.0 358.0 0.00 0.00
80.0 359.0 0.00 0.00
85.0 359.0 0.00 0.00
272.0 359.0 0.00 0.00
336.0 359.0 0.00 0.00
495.0 359.0 0.00 0.00
509.0 359.0 0.00 0.00
514.0 359.0 0.00 0.00
529.0 359.0 0.00 0.00
568.0 359.0 0.00 0.00
587.0 359.0 0.00 0.00
834.0 359.0 0.00 0.00
997.0 359.0 0.00 0.00
91.0 360.0 0.00 0.00
183.0 360.0 0.00 0.00
196.0 360.0 0.00 0.00
215.0 360.0 0.00 0.00
341.0 360.0 0.00 0.00
348.0 360.0 0.00 0.00
379.0 360.0 0.00 0.00
423.0 360.0 0.00 0.00
455.0 360.0 0.00 0.00
468.0 360.0 0.00 0.00
474.0 360.0 0.00 0.00
488.0 360.0 0.00 0.00
500.0 360.0 0.00 0.00
523.0 360.0 0.00 0.00
534.0 360.0 0.00 0.00
539.0 360.0 0.00 0.00
544.0 360.0 0.00 0.00
599.0 360.0 0.00 0.00
613.0 360.0 0.00 0.00
711.0 360.0 0.00 0.00
796.0 360.0 0.00 0.00
947.0 360.0 0.00 0.00
75.0 361.0 0.00 0.00
119.0 361.0 0.00 0.00
396.0 361.0 0.00 0.00
428.0 361.0 0.00 0.00
437.0 361.0 0.00 0.00
992.0 361.0 0.00 0.00
1004.0 361.0 0.00 0.00
171.0 362.0 0.00 0.00
261.0 362.0 0.00 0.00
314.0 362.0 0.00 0.00
327.0 362.0 0.00 0.00
560.0 362.0 0.00 0.00
634.0 362.0 0.00 0.00
643.0 362.0 0.00 0.00
650.0 362.0 0.00 0.00
670.0 362.0 0.00 0.00
920.0 362.0 0.00 0.00
61.0 363.0 0.00 0.00
147.0 363.0 0.00 0.00
305.0 363.0 0.00 0.00
450.0 363.0 0.00 0.00
463.0 363.0 0.00 0.00
580.0 363.0 0.00 0.00
655.0 363.0 0.00 0.00
664.0 363.0 0.00 0.00
979.0 363.0 0.00 0.00
17.0 364.0 0.00 0.00
85.0 364.0 0.00 0.00
353.0 364.0 0.00 0.00
515.0 364.0 0.00 0.00
571.0 364.0 0.00 0.00
586.0 364.0 0.00 0.00
591.0 364.0 0.00 0.00
621.0 364.0 0.00 0.00
858.0 364.0 0.00 0.00
868.0 364.0 0.00 0.00
92.0 365.0 0.00 0.00
114.0 365.0 0.00 0.00
196.0 365.0 0.00 0.00
369.0 365.0 0.00 0.00
423.0 365.0 0.00 0.00
457.0 365.0 0.00 0.00
474.0 365.0 0.00 0.00
491.0 365.0 0.00 0.00
530.0 365.0 0.00 0.00
544.0 365.0 0.00 0.00
683.0 365.0 0.00 0.00
721.0 365.0 0.00 0.00
781.0 365.0 0.00 0.00
844.0 365.0 0.00 0.00
107.0 366.0 0.00 0.00
240.0 366.0 0.00 0.00
678.0 366.0 0.00 0.00
688.0 366.0 0.00 0.00
757.0 366.0 0.00 0.00
762.0 366.0 0.00 0.00
992.0 366.0 0.00 0.00
56.0 367.0 0.00 0.00
97.0 367.0 0.00 0.00
152.0 367.0 0.00 0.00
205.0 367.0 0.00 0.00
315.0 367.0 0.00 0.00
560.0 367.0 0.00 0.00
633.0 367.0 0.00 0.00
638.0 367.0 0.00 0.00
918.0 367.0 0.00 0.00
61.0 368.0 0.00 0.00
102.0 368.0 0.00 0.00
290.0 368.0 0.00 0.00
496.0 368.0 0.00 0.00
501.0 368.0 0.00 0.00
707.0 368.0 0.00 0.00
712.0 368.0 0.00 0.00
746.0 368.0 0.00 0.00
82.0 369.0 0.00 0.00
87.0 369.0 0.00 0.00
215.0 369.0 0.00 0.00
228.0 369.0 0.00 0.00
271.0 369.0 0.00 0.00
467.0 369.0 0.00 0.00
485.0 369.0 0.00 0.00
570.0 369.0 0.00 0.00
591.0 369.0 0.00 0.00
607.0 369.0 0.00 0.00
625.0 369.0 0.00 0.00
653.0 369.0 0.00 0.00
696.0 369.0 0.00 0.00
701.0 369.0 0.00 0.00
789.0 369.0 0.00 0.00
800.0 369.0 0.00 0.00
38.0 370.0 0.00 0.00
398.0 370.0 0.00 0.00
457.0 370.0 0.00 0.00
462.0 370.0 0.00 0.00
475.0 370.0 0.00 0.00
531.0 370.0 0.00 0.00
542.0 370.0 0.00 0.00
553.0 370.0 0.00 0.00
645.0 370.0 0.00 0.00
724.0 370.0 0.00 0.00
779.0 370.0 0.00 0.00
51.0 371.0 0.00 0.00
140.0 371.0 0.00 0.00
187.0 371.0 0.00 0.00
327.0 371.0 0.00 0.00
357.0 371.0 0.00 0.00
384.0 371.0 0.00 0.00
403.0 371.0 0.00 0.00
506.0 371.0 0.00 0.00
511.0 371.0 0.00 0.00
517.0 371.0 0.00 0.00
536.0 371.0 0.00 0.00
867.0 371.0 0.00 0.00
997.0 371.0 0.00 0.00
204.0 372.0 0.00 0.00
304.0 372.0 0.00 0.00
315.0 372.0 0.00 0.00
523.0 372.0 0.00 0.00
548.0 372.0 0.00 0.00
583.0 372.0 0.00 0.00
635.0 372.0 0.00 0.00
814.0 372.0 0.00 0.00
918.0 372.0 0.00 0.00
9.0 373.0 0.00 0.00
77.0 373.0 0.00 0.00
101.0 373.0 0.00 0.00
117.0 373.0 0.00 0.00
163.0 373.0 0.00 0.00
261.0 373.0 0.00 0.00
493.0 373.0 0.00 0.00
498.0 373.0 0.00 0.00
739.0 373.0 0.00 0.00
888.0 373.0 0.00 0.00
978.0 373.0 0.00 0.00
126.0 374.0 0.00 0.00
437.0 374.0 0.00 0.00
467.0 374.0 0.00 0.00
569.0 374.0 0.00 0.00
607.0 374.0 0.00 0.00
940.0 374.0 0.00 0.00
952.0 374.0 0.00 0.00
59.0 375.0 0.00 0.00
64.0 375.0 0.00 0.00
449.0 375.0 0.00 0.00
456.0 375.0 0.00 0.00
462.0 375.0 0.00 0.00
475.0 375.0 0.00 0.00
574.0 375.0 0.00 0.00
645.0 375.0 0.00 0.00
711.0 375.0 0.00 0.00
1014.0 375.0 0.00 0.00
223.0 376.0 0.00 0.00
239.0 376.0 0.00 0.00
323.0 376.0 0.00 0.00
334.0 376.0 0.00 0.00
385.0 376.0 0.00 0.00
444.0 376.0 0.00 0.00
534.0 376.0 0.00 0.00
539.0 376.0 0.00 0.00
599.0 376.0 0.00 0.00
654.0 376.0 0.00 0.00
756.0 376.0 0.00 0.00
778.0 376.0 0.00 0.00
805.0 376.0 0.00 0.00
969.0 376.0 0.00 0.00
988.0 376.0 0.00 0.00
997.0 376.0 0.00 0.00
69.0 377.0 0.00 0.00
90.0 377.0 0.00 0.00
111.0 377.0 0.00 0.00
195.0 377.0 0.00 0.00
282.0 377.0 0.00 0.00
357.0 377.0 0.00 0.00
370.0 377.0 0.00 0.00
390.0 377.0 0.00 0.00
403.0 377.0 0.00 0.00
487.0 377.0 0.00 0.00
612.0 377.0 0.00 0.00
618.0 377.0 0.00 0.00
668.0 377.0 0.00 0.00
674.0 377.0 0.00 0.00
696.0 377.0 0.00 0.00
750.0 377.0 0.00 0.00
121.0 378.0 0.00 0.00
150.0 378.0 0.00 0.00
344.0 378.0 0.00 0.00
380.0 378.0 0.00 0.00
482.0 378.0 0.00 0.00
493.0 378.0 0.00 0.00
557.0 378.0 0.00 0.00
680.0 378.0 0.00 0.00
789.0 378.0 0.00 0.00
126.0 379.0 0.00 0.00
437.0 379.0 0.00 0.00
510.0 379.0 0.00 0.00
723.0 379.0 0.00 0.00
857.0 379.0 0.00 0.00
940.0 379.0 0.00 0.00
58.0 380.0 0.00 0.00
207.0 380.0 0.00 0.00
424.0 380.0 0.00 0.00
500.0 380.0 0.00 0.00
624.0 380.0 0.00 0.00
629.0 380.0 0.00 0.00
714.0 380.0 0.00 0.00
798.0 380.0 0.00 0.00
838.0 380.0 0.00 0.00
919.0 380.0 0.00 0.00
974.0 380.0 0.00 0.00
233.0 381.0 0.00 0.00
238.0 381.0 0.00 0.00
299.0 381.0 0.00 0.00
467.0 381.0 0.00 0.00
533.0 381.0 0.00 0.00
538.0 381.0 0.00 0.00
543.0 381.0 0.00 0.00
548.0 381.0 0.00 0.00
605.0 381.0 0.00 0.00
637.0 381.0 0.00 0.00
706.0 381.0 0.00 0.00
805.0 381.0 0.00 0.00
845.0 381.0 0.00 0.00
979.0 381.0 0.00 0.00
45.0 382.0 0.00 0.00
88.0 382.0 0.00 0.00
100.0 382.0 0.00 0.00
110.0 382.0 0.00 0.00
286.0 382.0 0.00 0.00
523.0 382.0 0.00 0.00
528.0 382.0 0.00 0.00
566.0 382.0 0.00 0.00
695.0 382.0 0.00 0.00
83.0 383.0 0.00 0.00
313.0 383.0 0.00 0.00
495.0 383.0 0.00 0.00
561.0 383.0 0.00 0.00
589.0 383.0 0.00 0.00
741.0 383.0 0.00 0.00
787.0 383.0 0.00 0.00
997.0 383.0 0.00 0.00
66.0 384.0 0.00 0.00
122.0 384.0 0.00 0.00
318.0 384.0 0.00 0.00
337.0 384.0 0.00 0.00
342.0 384.0 0.00 0.00
395.0 384.0 0.00 0.00
556.0 384.0 0.00 0.00
722.0 384.0 0.00 0.00
728.0 384.0 0.00 0.00
762.0 384.0 0.00 0.00
767.0 384.0 0.00 0.00
811.0 384.0 0.00 0.00
856.0 384.0 0.00 0.00
939.0 384.0 0.00 0.00
129.0 385.0 0.00 0.00
152.0 385.0 0.00 0.00
262.0 385.0 0.00 0.00
291.0 385.0 0.00 0.00
323.0 385.0 0.00 0.00
331.0 385.0 0.00 0.00
358.0 385.0 0.00 0.00
371.0 385.0 0.00 0.00
384.0 385.0 0.00 0.00
408.0 385.0 0.00 0.00
413.0 385.0 0.00 0.00
437.0 385.0 0.00 0.00
649.0 385.0 0.00 0.00
773.0 385.0 0.00 0.00
868.0 385.0 0.00 0.00
954.0 385.0 0.00 0.00
77.0 386.0 0.00 0.00
171.0 386.0 0.00 0.00
353.0 386.0 0.00 0.00
464.0 386.0 0.00 0.00
477.0 386.0 0.00 0.00
486.0 386.0 0.00 0.00
574.0 386.0 0.00 0.00
579.0 386.0 0.00 0.00
672.0 386.0 0.00 0.00
816.0 386.0 0.00 0.00
88.0 387.0 0.00 0.00
449.0 387.0 0.00 0.00
456.0 387.0 0.00 0.00
83.0 388.0 0.00 0.00
100.0 388.0 0.00 0.00
161.0 388.0 0.00 0.00
426.0 388.0 0.00 0.00
431.0 388.0 0.00 0.00
496.0 388.0 0.00 0.00
507.0 388.0 0.00 0.00
539.0 388.0 0.00 0.00
587.0 388.0 0.00 0.00
592.0 388.0 0.00 0.00
664.0 388.0 0.00 0.00
683.0 388.0 0.00 0.00
733.0 388.0 0.00 0.00
821.0 388.0 0.00 0.00
974.0 388.0 0.00 0.00
240.0 389.0 0.00 0.00
272.0 389.0 0.00 0.00
644.0 389.0 0.00 0.00
712.0 389.0 0.00 0.00
722.0 389.0 0.00 0.00
728.0 389.0 0.00 0.00
827.0 389.0 0.00 0.00
988.0 389.0 0.00 0.00
18.0 390.0 0.00 0.00
202.0 390.0 0.00 0.00
291.0 390.0 0.00 0.00
408.0 390.0 0.00 0.00
696.0 390.0 0.00 0.00
747.0 390.0 0.00 0.00
752.0 390.0 0.00 0.00
832.0 390.0 0.00 0.00
867.0 390.0 0.00 0.00
959.0 390.0 0.00 0.00
31.0 391.0 0.00 0.00
77.0 391.0 0.00 0.00
477.0 391.0 0.00 0.00
855.0 391.0 0.00 0.00
154.0 392.0 0.00 0.00
446.0 392.0 0.00 0.00
842.0 392.0 0.00 0.00
848.0 392.0 0.00 0.00
61.0 393.0 0.00 0.00
82.0 393.0 0.00 0.00
121.0 393.0 0.00 0.00
149.0 393.0 0.00 0.00
216.0 393.0 0.00 0.00
303.0 393.0 0.00 0.00
347.0 393.0 0.00 0.00
462.0 393.0 0.00 0.00
571.0 393.0 0.00 0.00
683.0 393.0 0.00 0.00
733.0 393.0 0.00 0.00
738.0 393.0 0.00 0.00
767.0 393.0 0.00 0.00
973.0 393.0 0.00 0.00
100.0 394.0 0.00 0.00
115.0 394.0 0.00 0.00
184.0 394.0 0.00 0.00
222.0 394.0 0.00 0.00
227.0 394.0 0.00 0.00
232.0 394.0 0.00 0.00
238.0 394.0 0.00 0.00
243.0 394.0 0.00 0.00
250.0 394.0 0.00 0.00
319.0 394.0 0.00 0.00
471.0 394.0 0.00 0.00
527.0 394.0 0.00 0.00
893.0 394.0 0.00 0.00
898.0 394.0 0.00 0.00
911.0 394.0 0.00 0.00
965.0 394.0 0.00 0.00
1012.0 394.0 0.00 0.00
44.0 395.0 0.00 0.00
140.0 395.0 0.00 0.00
408.0 395.0 0.00 0.00
650.0 395.0 0.00 0.00
360.0 396.0 0.00 0.00
383.0 396.0 0.00 0.00
398.0 396.0 0.00 0.00
417.0 396.0 0.00 0.00
422.0 396.0 0.00 0.00
427.0 396.0 0.00 0.00
435.0 396.0 0.00 0.00
483.0 396.0 0.00 0.00
488.0 396.0 0.00 0.00
508.0 396.0 0.00 0.00
693.0 396.0 0.00 0.00
857.0 396.0 0.00 0.00
862.0 396.0 0.00 0.00
868.0 396.0 0.00 0.00
205.0 397.0 0.00 0.00
370.0 397.0 0.00 0.00
440.0 397.0 0.00 0.00
445.0 397.0 0.00 0.00
451.0 397.0 0.00 0.00
598.0 397.0 0.00 0.00
603.0 397.0 0.00 0.00
874.0 397.0 0.00 0.00
916.0 397.0 0.00 0.00
32.0 398.0 0.00 0.00
82.0 398.0 0.00 0.00
105.0 398.0 0.00 0.00
267.0 398.0 0.00 0.00
377.0 398.0 0.00 0.00
462.0 398.0 0.00 0.00
499.0 398.0 0.00 0.00
572.0 398.0 0.00 0.00
578.0 398.0 0.00 0.00
584.0 398.0 0.00 0.00
739.0 398.0 0.00 0.00
767.0 398.0 0.00 0.00
88.0 399.0 0.00 0.00
99.0 399.0 0.00 0.00
110.0 399.0 0.00 0.00
115.0 399.0 0.00 0.00
121.0 399.0 0.00 0.00
156.0 399.0 0.00 0.00
240.0 399.0 0.00 0.00
474.0 399.0 0.00 0.00
535.0 399.0 0.00 0.00
548.0 399.0 0.00 0.00
557.0 399.0 0.00 0.00
744.0 399.0 0.00 0.00
784.0 399.0 0.00 0.00
908.0 399.0 0.00 0.00
929.0 399.0 0.00 0.00
945.0 399.0 0.00 0.00
950.0 399.0 0.00 0.00
955.0 399.0 0.00 0.00
962.0 399.0 0.00 0.00
1008.0 399.0 0.00 0.00
94.0 400.0 0.00 0.00
126.0 400.0 0.00 0.00
131.0 400.0 0.00 0.00
173.0 400.0 0.00 0.00
311.0 400.0 0.00 0.00
336.0 400.0 0.00 0.00
622.0 400.0 0.00 0.00
793.0 400.0 0.00 0.00
903.0 400.0 0.00 0.00
995.0 400.0 0.00 0.00
66.0 401.0 0.00 0.00
422.0 401.0 0.00 0.00
509.0 401.0 0.00 0.00
525.0 401.0 0.00 0.00
866.0 401.0 0.00 0.00
970.0 401.0 0.00 0.00
975.0 401.0 0.00 0.00
980.0 401.0 0.00 0.00
204.0 402.0 0.00 0.00
520.0 402.0 0.00 0.00
604.0 402.0 0.00 0.00
676.0 402.0 0.00 0.00
689.0 402.0 0.00 0.00
716.0 402.0 0.00 0.00
809.0 402.0 0.00 0.00
913.0 402.0 0.00 0.00
59.0 403.0 0.00 0.00
77.0 403.0 0.00 0.00
213.0 403.0 0.00 0.00
218.0 403.0 0.00 0.00
267.0 403.0 0.00 0.00
571.0 403.0 0.00 0.00
701.0 403.0 0.00 0.00
729.0 403.0 0.00 0.00
765.0 403.0 0.00 0.00
155.0 404.0 0.00 0.00
409.0 404.0 0.00 0.00
491.0 404.0 0.00 0.00
711.0 404.0 0.00 0.00
823.0 404.0 0.00 0.00
120.0 405.0 0.00 0.00
226.0 405.0 0.00 0.00
279.0 405.0 0.00 0.00
300.0 405.0 0.00 0.00
312.0 405.0 0.00 0.00
452.0 405.0 0.00 0.00
460.0 405.0 0.00 0.00
473.0 405.0 0.00 0.00
547.0 405.0 0.00 0.00
621.0 405.0 0.00 0.00
635.0 405.0 0.00 0.00
649.0 405.0 0.00 0.00
706.0 405.0 0.00 0.00
871.0 405.0 0.00 0.00
112.0 406.0 0.00 0.00
241.0 406.0 0.00 0.00
274.0 406.0 0.00 0.00
317.0 406.0 0.00 0.00
422.0 406.0 0.00 0.00
427.0 406.0 0.00 0.00
436.0 406.0 0.00 0.00
446.0 406.0 0.00 0.00
511.0 406.0 0.00 0.00
866.0 406.0 0.00 0.00
876.0 406.0 0.00 0.00
1003.0 406.0 0.00 0.00
1014.0 406.0 0.00 0.00
331.0 407.0 0.00 0.00
345.0 407.0 0.00 0.00
352.0 407.0 0.00 0.00
363.0 407.0 0.00 0.00
371.0 407.0 0.00 0.00
516.0 407.0 0.00 0.00
753.0 407.0 0.00 0.00
758.0 407.0 0.00 0.00
848.0 407.0 0.00 0.00
963.0 407.0 0.00 0.00
18.0 408.0 0.00 0.00
56.0 408.0 0.00 0.00
135.0 408.0 0.00 0.00
199.0 408.0 0.00 0.00
213.0 408.0 0.00 0.00
336.0 408.0 0.00 0.00
358.0 408.0 0.00 0.00
485.0 408.0 0.00 0.00
604.0 408.0 0.00 0.00
837.0 408.0 0.00 0.00
911.0 408.0 0.00 0.00
162.0 409.0 0.00 0.00
167.0 409.0 0.00 0.00
251.0 409.0 0.00 0.00
383.0 409.0 0.00 0.00
388.0 409.0 0.00 0.00
719.0 409.0 0.00 0.00
724.0 409.0 0.00 0.00
729.0 409.0 0.00 0.00
920.0 409.0 0.00 0.00
947.0 409.0 0.00 0.00
8.0 410.0 0.00 0.00
157.0 410.0 0.00 0.00
186.0 410.0 0.00 0.00
191.0 410.0 0.00 0.00
296.0 410.0 0.00 0.00
455.0 410.0 0.00 0.00
477.0 410.0 0.00 0.00
636.0 410.0 0.00 0.00
688.0 410.0 0.00 0.00
693.0 410.0 0.00 0.00
707.0 410.0 0.00 0.00
766.0 410.0 0.00 0.00
114.0 411.0 0.00 0.00
126.0 411.0 0.00 0.00
472.0 411.0 0.00 0.00
502.0 411.0 0.00 0.00
546.0 411.0 0.00 0.00
651.0 411.0 0.00 0.00
737.0 411.0 0.00 0.00
774.0 411.0 0.00 0.00
779.0 411.0 0.00 0.00
857.0 411.0 0.00 0.00
38.0 412.0 0.00 0.00
79.0 412.0 0.00 0.00
96.0 412.0 0.00 0.00
400.0 412.0 0.00 0.00
540.0 412.0 0.00 0.00
552.0 412.0 0.00 0.00
566.0 412.0 0.00 0.00
575.0 412.0 0.00 0.00
589.0 412.0 0.00 0.00
940.0 412.0 0.00 0.00
180.0 413.0 0.00 0.00
214.0 413.0 0.00 0.00
336.0 413.0 0.00 0.00
420.0 413.0 0.00 0.00
467.0 413.0 0.00 0.00
488.0 413.0 0.00 0.00
606.0 413.0 0.00 0.00
611.0 413.0 0.00 0.00
662.0 413.0 0.00 0.00
912.0 413.0 0.00 0.00
928.0 413.0 0.00 0.00
1015.0 413.0 0.00 0.00
136.0 414.0 0.00 0.00
168.0 414.0 0.00 0.00
224.0 414.0 0.00 0.00
251.0 414.0 0.00 0.00
309.0 414.0 0.00 0.00
323.0 414.0 0.00 0.00
616.0 414.0 0.00 0.00
642.0 414.0 0.00 0.00
672.0 414.0 0.00 0.00
683.0 414.0 0.00 0.00
729.0 414.0 0.00 0.00
840.0 414.0 0.00 0.00
155.0 415.0 0.00 0.00
408.0 415.0 0.00 0.00
456.0 415.0 0.00 0.00
628.0 415.0 0.00 0.00
756.0 415.0 0.00 0.00
845.0 415.0 0.00 0.00
990.0 415.0 0.00 0.00
24.0 416.0 0.00 0.00
199.0 416.0 0.00 0.00
258.0 416.0 0.00 0.00
413.0 416.0 0.00 0.00
518.0 416.0 0.00 0.00
648.0 416.0 0.00 0.00
773.0 416.0 0.00 0.00
278.0 417.0 0.00 0.00
296.0 417.0 0.00 0.00
363.0 417.0 0.00 0.00
855.0 417.0 0.00 0.00
939.0 417.0 0.00 0.00
976.0 417.0 0.00 0.00
1006.0 417.0 0.00 0.00
95.0 418.0 0.00 0.00
116.0 418.0 0.00 0.00
174.0 418.0 0.00 0.00
265.0 418.0 0.00 0.00
270.0 418.0 0.00 0.00
371.0 418.0 0.00 0.00
441.0 418.0 0.00 0.00
471.0 418.0 0.00 0.00
487.0 418.0 0.00 0.00
663.0 418.0 0.00 0.00
850.0 418.0 0.00 0.00
169.0 419.0 0.00 0.00
190.0 419.0 0.00 0.00
250.0 419.0 0.00 0.00
309.0 419.0 0.00 0.00
317.0 419.0 0.00 0.00
429.0 419.0 0.00 0.00
477.0 419.0 0.00 0.00
482.0 419.0 0.00 0.00
704.0 419.0 0.00 0.00
820.0 419.0 0.00 0.00
122.0 420.0 0.00 0.00
214.0 420.0 0.00 0.00
385.0 420.0 0.00 0.00
505.0 420.0 0.00 0.00
584.0 420.0 0.00 0.00
589.0 420.0 0.00 0.00
594.0 420.0 0.00 0.00
722.0 420.0 0.00 0.00
734.0 420.0 0.00 0.00
753.0 420.0 0.00 0.00
865.0 420.0 0.00 0.00
154.0 421.0 0.00 0.00
331.0 421.0 0.00 0.00
347.0 421.0 0.00 0.00
410.0 421.0 0.00 0.00
494.0 421.0 0.00 0.00
513.0 421.0 0.00 0.00
629.0 421.0 0.00 0.00
647.0 421.0 0.00 0.00
763.0 421.0 0.00 0.00
804.0 421.0 0.00 0.00
159.0 422.0 0.00 0.00
278.0 422.0 0.00 0.00
299.0 422.0 0.00 0.00
304.0 422.0 0.00 0.00
337.0 422.0 0.00 0.00
342.0 422.0 0.00 0.00
356.0 422.0 0.00 0.00
609.0 422.0 0.00 0.00
77.0 423.0 0.00 0.00
95.0 423.0 0.00 0.00
177.0 423.0 0.00 0.00
196.0 423.0 0.00 0.00
265.0 423.0 0.00 0.00
270.0 423.0 0.00 0.00
375.0 423.0 0.00 0.00
456.0 423.0 0.00 0.00
461.0 423.0 0.00 0.00
469.0 423.0 0.00 0.00
529.0 423.0 0.00 0.00
620.0 423.0 0.00 0.00
684.0 423.0 0.00 0.00
857.0 423.0 0.00 0.00
984.0 423.0 0.00 0.00
8.0 424.0 0.00 0.00
47.0 424.0 0.00 0.00
52.0 424.0 0.00 0.00
71.0 424.0 0.00 0.00
82.0 424.0 0.00 0.00
117.0 424.0 0.00 0.00
168.0 424.0 0.00 0.00
190.0 424.0 0.00 0.00
477.0 424.0 0.00 0.00
484.0 424.0 0.00 0.00
912.0 424.0 0.00 0.00
32.0 425.0 0.00 0.00
37.0 425.0 0.00 0.00
317.0 425.0 0.00 0.00
397.0 425.0 0.00 0.00
662.0 425.0 0.00 0.00
734.0 425.0 0.00 0.00
927.0 425.0 0.00 0.00
137.0 426.0 0.00 0.00
517.0 426.0 0.00 0.00
598.0 426.0 0.00 0.00
771.0 426.0 0.00 0.00
875.0 426.0 0.00 0.00
903.0 426.0 0.00 0.00
958.0 426.0 0.00 0.00
42.0 427.0 0.00 0.00
66.0 427.0 0.00 0.00
122.0 427.0 0.00 0.00
158.0 427.0 0.00 0.00
163.0 427.0 0.00 0.00
278.0 427.0 0.00 0.00
392.0 427.0 0.00 0.00
429.0 427.0 0.00 0.00
438.0 427.0 0.00 0.00
788.0 427.0 0.00 0.00
852.0 427.0 0.00 0.00
1003.0 427.0 0.00 0.00
93.0 428.0 0.00 0.00
98.0 428.0 0.00 0.00
175.0 428.0 0.00 0.00
198.0 428.0 0.00 0.00
376.0 428.0 0.00 0.00
416.0 428.0 0.00 0.00
805.0 428.0 0.00 0.00
82.0 429.0 0.00 0.00
103.0 429.0 0.00 0.00
112.0 429.0 0.00 0.00
117.0 429.0 0.00 0.00
149.0 429.0 0.00 0.00
169.0 429.0 0.00 0.00
190.0 429.0 0.00 0.00
214.0 429.0 0.00 0.00
226.0 429.0 0.00 0.00
243.0 429.0 0.00 0.00
270.0 429.0 0.00 0.00
293.0 429.0 0.00 0.00
477.0 429.0 0.00 0.00
780.0 429.0 0.00 0.00
87.0 430.0 0.00 0.00
334.0 430.0 0.00 0.00
626.0 430.0 0.00 0.00
672.0 430.0 0.00 0.00
734.0 430.0 0.00 0.00
927.0 430.0 0.00 0.00
127.0 431.0 0.00 0.00
144.0 431.0 0.00 0.00
309.0 431.0 0.00 0.00
317.0 431.0 0.00 0.00
354.0 431.0 0.00 0.00
462.0 431.0 0.00 0.00
467.0 431.0 0.00 0.00
603.0 431.0 0.00 0.00
819.0 431.0 0.00 0.00
830.0 431.0 0.00 0.00
42.0 432.0 0.00 0.00
57.0 432.0 0.00 0.00
329.0 432.0 0.00 0.00
392.0 432.0 0.00 0.00
406.0 432.0 0.00 0.00
617.0 432.0 0.00 0.00
652.0 432.0 0.00 0.00
661.0 432.0 0.00 0.00
788.0 432.0 0.00 0.00
897.0 432.0 0.00 0.00
990.0 432.0 0.00 0.00
1002.0 432.0 0.00 0.00
181.0 433.0 0.00 0.00
238.0 433.0 0.00 0.00
251.0 433.0 0.00 0.00
257.0 433.0 0.00 0.00
370.0 433.0 0.00 0.00
375.0 433.0 0.00 0.00
647.0 433.0 0.00 0.00
886.0 433.0 0.00 0.00
892.0 433.0 0.00 0.00
79.0 434.0 0.00 0.00
193.0 434.0 0.00 0.00
198.0 434.0 0.00 0.00
283.0 434.0 0.00 0.00
288.0 434.0 0.00 0.00
430.0 434.0 0.00 0.00
489.0 434.0 0.00 0.00
634.0 435.0 0.00 0.00
734.0 435.0 0.00 0.00
927.0 435.0 0.00 0.00
48.0 436.0 0.00 0.00
120.0 436.0 0.00 0.00
125.0 436.0 0.00 0.00
131.0 436.0 0.00 0.00
299.0 436.0 0.00 0.00
336.0 436.0 0.00 0.00
341.0 436.0 0.00 0.00
450.0 436.0 0.00 0.00
509.0 436.0 0.00 0.00
903.0 436.0 0.00 0.00
143.0 437.0 0.00 0.00
170.0 437.0 0.00 0.00
393.0 437.0 0.00 0.00
523.0 437.0 0.00 0.00
588.0 437.0 0.00 0.00
662.0 437.0 0.00 0.00
753.0 437.0 0.00 0.00
998.0 437.0 0.00 0.00
57.0 438.0 0.00 0.00
218.0 438.0 0.00 0.00
236.0 438.0 0.00 0.00
241.0 438.0 0.00 0.00
270.0 438.0 0.00 0.00
294.0 438.0 0.00 0.00
805.0 438.0 0.00 0.00
83.0 439.0 0.00 0.00
194.0 439.0 0.00 0.00
202.0 439.0 0.00 0.00
307.0 439.0 0.00 0.00
313.0 439.0 0.00 0.00
609.0 439.0 0.00 0.00
78.0 440.0 0.00 0.00
207.0 440.0 0.00 0.00
349.0 440.0 0.00 0.00
581.0 440.0 0.00 0.00
614.0 440.0 0.00 0.00
634.0 440.0 0.00 0.00
770.0 440.0 0.00 0.00
134.0 441.0 0.00 0.00
256.0 441.0 0.00 0.00
373.0 441.0 0.00 0.00
619.0 441.0 0.00 0.00
682.0 441.0 0.00 0.00
733.0 441.0 0.00 0.00
840.0 441.0 0.00 0.00
63.0 442.0 0.00 0.00
105.0 442.0 0.00 0.00
367.0 442.0 0.00 0.00
389.0 442.0 0.00 0.00
451.0 442.0 0.00 0.00
1015.0 442.0 0.00 0.00
39.0 443.0 0.00 0.00
58.0 443.0 0.00 0.00
96.0 443.0 0.00 0.00
234.0 443.0 0.00 0.00
262.0 443.0 0.00 0.00
269.0 443.0 0.00 0.00
274.0 443.0 0.00 0.00
333.0 443.0 0.00 0.00
571.0 443.0 0.00 0.00
862.0 443.0 0.00 0.00
195.0 444.0 0.00 0.00
282.0 444.0 0.00 0.00
292.0 444.0 0.00 0.00
302.0 444.0 0.00 0.00
576.0 444.0 0.00 0.00
594.0 444.0 0.00 0.00
709.0 444.0 0.00 0.00
813.0 444.0 0.00 0.00
857.0 444.0 0.00 0.00
867.0 444.0 0.00 0.00
995.0 444.0 0.00 0.00
78.0 445.0 0.00 0.00
159.0 445.0 0.00 0.00
219.0 445.0 0.00 0.00
323.0 445.0 0.00 0.00
351.0 445.0 0.00 0.00
458.0 445.0 0.00 0.00
581.0 445.0 0.00 0.00
625.0 445.0 0.00 0.00
630.0 445.0 0.00 0.00
873.0 445.0 0.00 0.00
68.0 446.0 0.00 0.00
189.0 446.0 0.00 0.00
257.0 446.0 0.00 0.00
373.0 446.0 0.00 0.00
928.0 446.0 0.00 0.00
453.0 447.0 0.00 0.00
378.0 448.0 0.00 0.00
122.0 449.0 0.00 0.00
384.0 449.0 0.00 0.00
421.0 449.0 0.00 0.00
786.0 449.0 0.00 0.00
820.0 449.0 0.00 0.00
27.0 450.0 0.00 0.00
48.0 450.0 0.00 0.00
166.0 450.0 0.00 0.00
196.0 450.0 0.00 0.00
302.0 450.0 0.00 0.00
458.0 450.0 0.00 0.00
723.0 450.0 0.00 0.00
65.0 451.0 0.00 0.00
242.0 451.0 0.00 0.00
247.0 451.0 0.00 0.00
256.0 451.0 0.00 0.00
268.0 451.0 0.00 0.00
290.0 451.0 0.00 0.00
415.0 451.0 0.00 0.00
733.0 451.0 0.00 0.00
826.0 451.0 0.00 0.00
927.0 451.0 0.00 0.00
205.0 452.0 0.00 0.00
400.0 452.0 0.00 0.00
453.0 452.0 0.00 0.00
667.0 452.0 0.00 0.00
831.0 452.0 0.00 0.00
850.0 452.0 0.00 0.00
859.0 452.0 0.00 0.00
916.0 452.0 0.00 0.00
57.0 453.0 0.00 0.00
79.0 453.0 0.00 0.00
175.0 453.0 0.00 0.00
376.0 453.0 0.00 0.00
437.0 453.0 0.00 0.00
573.0 453.0 0.00 0.00
993.0 453.0 0.00 0.00
133.0 454.0 0.00 0.00
138.0 454.0 0.00 0.00
218.0 454.0 0.00 0.00
371.0 454.0 0.00 0.00
420.0 454.0 0.00 0.00
428.0 454.0 0.00 0.00
819.0 454.0 0.00 0.00
884.0 454.0 0.00 0.00
12.0 455.0 0.00 0.00
29.0 455.0 0.00 0.00
86.0 455.0 0.00 0.00
114.0 455.0 0.00 0.00
143.0 455.0 0.00 0.00
152.0 455.0 0.00 0.00
165.0 455.0 0.00 0.00
232.0 455.0 0.00 0.00
552.0 455.0 0.00 0.00
632.0 455.0 0.00 0.00
768.0 455.0 0.00 0.00
836.0 455.0 0.00 0.00
51.0 456.0 0.00 0.00
102.0 456.0 0.00 0.00
247.0 456.0 0.00 0.00
256.0 456.0 0.00 0.00
292.0 456.0 0.00 0.00
302.0 456.0 0.00 0.00
415.0 456.0 0.00 0.00
462.0 456.0 0.00 0.00
613.0 456.0 0.00 0.00
620.0 456.0 0.00 0.00
733.0 456.0 0.00 0.00
841.0 456.0 0.00 0.00
927.0 456.0 0.00 0.00
37.0 457.0 0.00 0.00
44.0 457.0 0.00 0.00
74.0 457.0 0.00 0.00
195.0 457.0 0.00 0.00
261.0 457.0 0.00 0.00
280.0 457.0 0.00 0.00
321.0 457.0 0.00 0.00
743.0 457.0 0.00 0.00
591.0 458.0 0.00 0.00
603.0 458.0 0.00 0.00
846.0 458.0 0.00 0.00
59.0 459.0 0.00 0.00
97.0 459.0 0.00 0.00
107.0 459.0 0.00 0.00
188.0 459.0 0.00 0.00
333.0 459.0 0.00 0.00
367.0 459.0 0.00 0.00
581.0 459.0 0.00 0.00
815.0 459.0 0.00 0.00
112.0 460.0 0.00 0.00
164.0 460.0 0.00 0.00
356.0 460.0 0.00 0.00
377.0 460.0 0.00 0.00
751.0 460.0 0.00 0.00
756.0 460.0 0.00 0.00
761.0 460.0 0.00 0.00
143.0 461.0 0.00 0.00
208.0 461.0 0.00 0.00
240.0 461.0 0.00 0.00
293.0 461.0 0.00 0.00
566.0 461.0 0.00 0.00
733.0 461.0 0.00 0.00
796.0 461.0 0.00 0.00
826.0 461.0 0.00 0.00
851.0 461.0 0.00 0.00
1010.0 461.0 0.00 0.00
122.0 462.0 0.00 0.00
196.0 462.0 0.00 0.00
266.0 462.0 0.00 0.00
271.0 462.0 0.00 0.00
389.0 462.0 0.00 0.00
13.0 463.0 0.00 0.00
37.0 463.0 0.00 0.00
217.0 463.0 0.00 0.00
402.0 463.0 0.00 0.00
410.0 463.0 0.00 0.00
835.0 463.0 0.00 0.00
888.0 463.0 0.00 0.00
59.0 464.0 0.00 0.00
226.0 464.0 0.00 0.00
231.0 464.0 0.00 0.00
261.0 464.0 0.00 0.00
336.0 464.0 0.00 0.00
815.0 464.0 0.00 0.00
923.0 464.0 0.00 0.00
53.0 465.0 0.00 0.00
64.0 465.0 0.00 0.00
69.0 465.0 0.00 0.00
131.0 465.0 0.00 0.00
163.0 465.0 0.00 0.00
319.0 465.0 0.00 0.00
341.0 465.0 0.00 0.00
856.0 465.0 0.00 0.00
904.0 465.0 0.00 0.00
928.0 465.0 0.00 0.00
48.0 466.0 0.00 0.00
143.0 466.0 0.00 0.00
187.0 466.0 0.00 0.00
247.0 466.0 0.00 0.00
297.0 466.0 0.00 0.00
303.0 466.0 0.00 0.00
324.0 466.0 0.00 0.00
515.0 466.0 0.00 0.00
602.0 466.0 0.00 0.00
883.0 466.0 0.00 0.00
1009.0 466.0 0.00 0.00
82.0 467.0 0.00 0.00
767.0 467.0 0.00 0.00
863.0 467.0 0.00 0.00
899.0 467.0 0.00 0.00
938.0 467.0 0.00 0.00
943.0 467.0 0.00 0.00
981.0 467.0 0.00 0.00
39.0 468.0 0.00 0.00
76.0 468.0 0.00 0.00
95.0 468.0 0.00 0.00
256.0 468.0 0.00 0.00
933.0 468.0 0.00 0.00
948.0 468.0 0.00 0.00
953.0 468.0 0.00 0.00
963.0 468.0 0.00 0.00
972.0 468.0 0.00 0.00
1004.0 468.0 0.00 0.00
1015.0 468.0 0.00 0.00
231.0 469.0 0.00 0.00
279.0 469.0 0.00 0.00
850.0 469.0 0.00 0.00
993.0 469.0 0.00 0.00
165.0 470.0 0.00 0.00
176.0 470.0 0.00 0.00
200.0 470.0 0.00 0.00
288.0 470.0 0.00 0.00
374.0 470.0 0.00 0.00
483.0 470.0 0.00 0.00
690.0 470.0 0.00 0.00
845.0 470.0 0.00 0.00
856.0 470.0 0.00 0.00
918.0 470.0 0.00 0.00
925.0 470.0 0.00 0.00
144.0 471.0 0.00 0.00
160.0 471.0 0.00 0.00
247.0 471.0 0.00 0.00
354.0 471.0 0.00 0.00
387.0 471.0 0.00 0.00
559.0 471.0 0.00 0.00
602.0 471.0 0.00 0.00
664.0 471.0 0.00 0.00
840.0 471.0 0.00 0.00
84.0 472.0 0.00 0.00
110.0 472.0 0.00 0.00
195.0 472.0 0.00 0.00
359.0 472.0 0.00 0.00
531.0 472.0 0.00 0.00
570.0 472.0 0.00 0.00
731.0 472.0 0.00 0.00
767.0 472.0 0.00 0.00
896.0 472.0 0.00 0.00
72.0 473.0 0.00 0.00
77.0 473.0 0.00 0.00
408.0 473.0 0.00 0.00
446.0 473.0 0.00 0.00
775.0 473.0 0.00 0.00
793.0 473.0 0.00 0.00
890.0 473.0 0.00 0.00
66.0 474.0 0.00 0.00
128.0 474.0 0.00 0.00
216.0 474.0 0.00 0.00
265.0 474.0 0.00 0.00
272.0 474.0 0.00 0.00
364.0 474.0 0.00 0.00
644.0 474.0 0.00 0.00
850.0 474.0 0.00 0.00
875.0 474.0 0.00 0.00
55.0 475.0 0.00 0.00
60.0 475.0 0.00 0.00
303.0 475.0 0.00 0.00
308.0 475.0 0.00 0.00
868.0 475.0 0.00 0.00
907.0 475.0 0.00 0.00
912.0 475.0 0.00 0.00
961.0 475.0 0.00 0.00
92.0 476.0 0.00 0.00
146.0 476.0 0.00 0.00
151.0 476.0 0.00 0.00
321.0 476.0 0.00 0.00
334.0 476.0 0.00 0.00
354.0 476.0 0.00 0.00
369.0 476.0 0.00 0.00
554.0 476.0 0.00 0.00
603.0 476.0 0.00 0.00
612.0 476.0 0.00 0.00
719.0 476.0 0.00 0.00
84.0 477.0 0.00 0.00
194.0 477.0 0.00 0.00
572.0 477.0 0.00 0.00
587.0 477.0 0.00 0.00
592.0 477.0 0.00 0.00
732.0 477.0 0.00 0.00
859.0 477.0 0.00 0.00
931.0 477.0 0.00 0.00
973.0 477.0 0.00 0.00
79.0 478.0 0.00 0.00
245.0 478.0 0.00 0.00
348.0 478.0 0.00 0.00
514.0 478.0 0.00 0.00
782.0 478.0 0.00 0.00
889.0 478.0 0.00 0.00
924.0 478.0 0.00 0.00
134.0 479.0 0.00 0.00
200.0 479.0 0.00 0.00
216.0 479.0 0.00 0.00
272.0 479.0 0.00 0.00
296.0 479.0 0.00 0.00
827.0 479.0 0.00 0.00
992.0 479.0 0.00 0.00
54.0 480.0 0.00 0.00
60.0 480.0 0.00 0.00
755.0 480.0 0.00 0.00
813.0 480.0 0.00 0.00
872.0 480.0 0.00 0.00
962.0 480.0 0.00 0.00
1013.0 480.0 0.00 0.00
100.0 481.0 0.00 0.00
189.0 481.0 0.00 0.00
309.0 481.0 0.00 0.00
689.0 481.0 0.00 0.00
952.0 481.0 0.00 0.00
151.0 482.0 0.00 0.00
375.0 482.0 0.00 0.00
394.0 482.0 0.00 0.00
487.0 482.0 0.00 0.00
652.0 482.0 0.00 0.00
70.0 483.0 0.00 0.00
120.0 483.0 0.00 0.00
125.0 483.0 0.00 0.00
167.0 483.0 0.00 0.00
208.0 483.0 0.00 0.00
233.0 483.0 0.00 0.00
265.0 483.0 0.00 0.00
281.0 483.0 0.00 0.00
643.0 483.0 0.00 0.00
781.0 483.0 0.00 0.00
850.0 483.0 0.00 0.00
889.0 483.0 0.00 0.00
10.0 484.0 0.00 0.00
18.0 484.0 0.00 0.00
41.0 484.0 0.00 0.00
48.0 484.0 0.00 0.00
95.0 484.0 0.00 0.00
114.0 484.0 0.00 0.00
130.0 484.0 0.00 0.00
314.0 484.0 0.00 0.00
338.0 484.0 0.00 0.00
355.0 484.0 0.00 0.00
530.0 484.0 0.00 0.00
733.0 484.0 0.00 0.00
743.0 484.0 0.00 0.00
789.0 484.0 0.00 0.00
992.0 484.0 0.00 0.00
23.0 485.0 0.00 0.00
29.0 485.0 0.00 0.00
54.0 485.0 0.00 0.00
775.0 485.0 0.00 0.00
194.0 486.0 0.00 0.00
218.0 486.0 0.00 0.00
309.0 486.0 0.00 0.00
363.0 486.0 0.00 0.00
368.0 486.0 0.00 0.00
601.0 486.0 0.00 0.00
860.0 486.0 0.00 0.00
59.0 487.0 0.00 0.00
150.0 487.0 0.00 0.00
248.0 487.0 0.00 0.00
540.0 487.0 0.00 0.00
557.0 487.0 0.00 0.00
720.0 487.0 0.00 0.00
866.0 487.0 0.00 0.00
946.0 487.0 0.00 0.00
960.0 487.0 0.00 0.00
965.0 487.0 0.00 0.00
232.0 488.0 0.00 0.00
270.0 488.0 0.00 0.00
299.0 488.0 0.00 0.00
551.0 488.0 0.00 0.00
715.0 488.0 0.00 0.00
798.0 488.0 0.00 0.00
881.0 488.0 0.00 0.00
912.0 488.0 0.00 0.00
111.0 489.0 0.00 0.00
381.0 489.0 0.00 0.00
973.0 489.0 0.00 0.00
159.0 490.0 0.00 0.00
451.0 490.0 0.00 0.00
668.0 490.0 0.00 0.00
814.0 490.0 0.00 0.00
824.0 490.0 0.00 0.00
840.0 490.0 0.00 0.00
889.0 490.0 0.00 0.00
992.0 490.0 0.00 0.00
103.0 491.0 0.00 0.00
130.0 491.0 0.00 0.00
572.0 491.0 0.00 0.00
579.0 491.0 0.00 0.00
616.0 491.0 0.00 0.00
765.0 491.0 0.00 0.00
803.0 491.0 0.00 0.00
41.0 492.0 0.00 0.00
64.0 492.0 0.00 0.00
78.0 492.0 0.00 0.00
291.0 492.0 0.00 0.00
694.0 492.0 0.00 0.00
927.0 492.0 0.00 0.00
88.0 493.0 0.00 0.00
212.0 493.0 0.00 0.00
307.0 493.0 0.00 0.00
319.0 493.0 0.00 0.00
353.0 493.0 0.00 0.00
530.0 493.0 0.00 0.00
112.0 494.0 0.00 0.00
348.0 494.0 0.00 0.00
436.0 494.0 0.00 0.00
707.0 494.0 0.00 0.00
712.0 494.0 0.00 0.00
946.0 494.0 0.00 0.00
231.0 495.0 0.00 0.00
487.0 495.0 0.00 0.00
889.0 495.0 0.00 0.00
962.0 495.0 0.00 0.00
993.0 495.0 0.00 0.00
998.0 495.0 0.00 0.00
1004.0 495.0 0.00 0.00
247.0 496.0 0.00 0.00
411.0 496.0 0.00 0.00
685.0 496.0 0.00 0.00
833.0 496.0 0.00 0.00
863.0 496.0 0.00 0.00
1011.0 496.0 0.00 0.00
40.0 497.0 0.00 0.00
48.0 497.0 0.00 0.00
67.0 497.0 0.00 0.00
75.0 497.0 0.00 0.00
269.0 497.0 0.00 0.00
275.0 497.0 0.00 0.00
604.0 497.0 0.00 0.00
629.0 497.0 0.00 0.00
642.0 497.0 0.00 0.00
780.0 497.0 0.00 0.00
80.0 498.0 0.00 0.00
282.0 498.0 0.00 0.00
366.0 498.0 0.00 0.00
717.0 498.0 0.00 0.00
742.0 498.0 0.00 0.00
810.0 498.0 0.00 0.00
978.0 498.0 0.00 0.00
263.0 499.0 0.00 0.00
337.0 499.0 0.00 0.00
361.0 499.0 0.00 0.00
396.0 499.0 0.00 0.00
656.0 499.0 0.00 0.00
737.0 499.0 0.00 0.00
12.0 500.0 0.00 0.00
201.0 500.0 0.00 0.00
216.0 500.0 0.00 0.00
313.0 500.0 0.00 0.00
453.0 500.0 0.00 0.00
573.0 500.0 0.00 0.00
661.0 500.0 0.00 0.00
668.0 500.0 0.00 0.00
673.0 500.0 0.00 0.00
732.0 500.0 0.00 0.00
928.0 500.0 0.00 0.00
17.0 501.0 0.00 0.00
58.0 501.0 0.00 0.00
147.0 501.0 0.00 0.00
326.0 501.0 0.00 0.00
532.0 501.0 0.00 0.00
845.0 501.0 0.00 0.00
1011.0 501.0 0.00 0.00
24.0 502.0 0.00 0.00
101.0 502.0 0.00 0.00
107.0 502.0 0.00 0.00
125.0 502.0 0.00 0.00
176.0 502.0 0.00 0.00
231.0 502.0 0.00 0.00
545.0 502.0 0.00 0.00
613.0 502.0 0.00 0.00
96.0 503.0 0.00 0.00
268.0 503.0 0.00 0.00
275.0 503.0 0.00 0.00
281.0 503.0 0.00 0.00
286.0 503.0 0.00 0.00
291.0 503.0 0.00 0.00
385.0 503.0 0.00 0.00
390.0 503.0 0.00 0.00
427.0 503.0 0.00 0.00
438.0 503.0 0.00 0.00
712.0 503.0 0.00 0.00
745.0 503.0 0.00 0.00
802.0 503.0 0.00 0.00
920.0 503.0 0.00 0.00
982.0 503.0 0.00 0.00
196.0 504.0 0.00 0.00
331.0 504.0 0.00 0.00
410.0 504.0 0.00 0.00
415.0 504.0 0.00 0.00
594.0 504.0 0.00 0.00
707.0 504.0 0.00 0.00
722.0 504.0 0.00 0.00
751.0 504.0 0.00 0.00
68.0 505.0 0.00 0.00
80.0 505.0 0.00 0.00
216.0 505.0 0.00 0.00
246.0 505.0 0.00 0.00
310.0 505.0 0.00 0.00
568.0 505.0 0.00 0.00
573.0 505.0 0.00 0.00
991.0 505.0 0.00 0.00
59.0 506.0 0.00 0.00
88.0 506.0 0.00 0.00
138.0 506.0 0.00 0.00
404.0 506.0 0.00 0.00
533.0 506.0 0.00 0.00
860.0 506.0 0.00 0.00
963.0 506.0 0.00 0.00
42.0 507.0 0.00 0.00
47.0 507.0 0.00 0.00
231.0 507.0 0.00 0.00
305.0 507.0 0.00 0.00
396.0 507.0 0.00 0.00
830.0 507.0 0.00 0.00
96.0 508.0 0.00 0.00
268.0 508.0 0.00 0.00
389.0 508.0 0.00 0.00
427.0 508.0 0.00 0.00
614.0 508.0 0.00 0.00
696.0 508.0 0.00 0.00
927.0 508.0 0.00 0.00
982.0 508.0 0.00 0.00
133.0 509.0 0.00 0.00
151.0 509.0 0.00 0.00
195.0 509.0 0.00 0.00
258.0 509.0 0.00 0.00
349.0 509.0 0.00 0.00
377.0 509.0 0.00 0.00
382.0 509.0 0.00 0.00
801.0 509.0 0.00 0.00
35.0 510.0 0.00 0.00
80.0 510.0 0.00 0.00
263.0 510.0 0.00 0.00
434.0 510.0 0.00 0.00
458.0 510.0 0.00 0.00
556.0 510.0 0.00 0.00
568.0 510.0 0.00 0.00
87.0 511.0 0.00 0.00
105.0 511.0 0.00 0.00
439.0 511.0 0.00 0.00
573.0 511.0 0.00 0.00
619.0 511.0 0.00 0.00
646.0 511.0 0.00 0.00
763.0 511.0 0.00 0.00
8.0 512.0 0.00 0.00
231.0 512.0 0.00 0.00
280.0 512.0 0.00 0.00
464.0 512.0 0.00 0.00
469.0 512.0 0.00 0.00
533.0 512.0 0.00 0.00
545.0 512.0 0.00 0.00
550.0 512.0 0.00 0.00
578.0 512.0 0.00 0.00
588.0 512.0 0.00 0.00
593.0 512.0 0.00 0.00
632.0 512.0 0.00 0.00
658.0 512.0 0.00 0.00
663.0 512.0 0.00 0.00
669.0 512.0 0.00 0.00
739.0 512.0 0.00 0.00
753.0 512.0 0.00 0.00
776.0 512.0 0.00 0.00
790.0 512.0 0.00 0.00
857.0 512.0 0.00 0.00
1012.0 512.0 0.00 0.00
59.0 513.0 0.00 0.00
72.0 513.0 0.00 0.00
158.0 513.0 0.00 0.00
175.0 513.0 0.00 0.00
268.0 513.0 0.00 0.00
302.0 513.0 0.00 0.00
418.0 513.0 0.00 0.00
583.0 513.0 0.00 0.00
599.0 513.0 0.00 0.00
604.0 513.0 0.00 0.00
609.0 513.0 0.00 0.00
995.0 513.0 0.00 0.00
117.0 514.0 0.00 0.00
127.0 514.0 0.00 0.00
151.0 514.0 0.00 0.00
188.0 514.0 0.00 0.00
224.0 514.0 0.00 0.00
506.0 514.0 0.00 0.00
523.0 514.0 0.00 0.00
690.0 514.0 0.00 0.00
840.0 514.0 0.00 0.00
949.0 514.0 0.00 0.00
444.0 515.0 0.00 0.00
458.0 515.0 0.00 0.00
477.0 515.0 0.00 0.00
614.0 515.0 0.00 0.00
864.0 515.0 0.00 0.00
886.0 515.0 0.00 0.00
48.0 516.0 0.00 0.00
87.0 516.0 0.00 0.00
106.0 516.0 0.00 0.00
208.0 516.0 0.00 0.00
390.0 516.0 0.00 0.00
451.0 516.0 0.00 0.00
495.0 516.0 0.00 0.00
958.0 516.0 0.00 0.00
988.0 516.0 0.00 0.00
67.0 517.0 0.00 0.00
96.0 517.0 0.00 0.00
101.0 517.0 0.00 0.00
245.0 517.0 0.00 0.00
465.0 517.0 0.00 0.00
470.0 517.0 0.00 0.00
637.0 517.0 0.00 0.00
858.0 517.0 0.00 0.00
19.0 518.0 0.00 0.00
56.0 518.0 0.00 0.00
74.0 518.0 0.00 0.00
112.0 518.0 0.00 0.00
176.0 518.0 0.00 0.00
403.0 518.0 0.00 0.00
417.0 518.0 0.00 0.00
422.0 518.0 0.00 0.00
570.0 518.0 0.00 0.00
753.0 518.0 0.00 0.00
801.0 518.0 0.00 0.00
943.0 518.0 0.00 0.00
117.0 519.0 0.00 0.00
127.0 519.0 0.00 0.00
348.0 519.0 0.00 0.00
823.0 519.0 0.00 0.00
261.0 520.0 0.00 0.00
301.0 520.0 0.00 0.00
614.0 520.0 0.00 0.00
691.0 520.0 0.00 0.00
763.0 520.0 0.00 0.00
983.0 520.0 0.00 0.00
1006.0 520.0 0.00 0.00
49.0 521.0 0.00 0.00
136.0 521.0 0.00 0.00
152.0 521.0 0.00 0.00
515.0 521.0 0.00 0.00
848.0 521.0 0.00 0.00
989.0 521.0 0.00 0.00
66.0 522.0 0.00 0.00
428.0 522.0 0.00 0.00
501.0 522.0 0.00 0.00
520.0 522.0 0.00 0.00
957.0 522.0 0.00 0.00
122.0 523.0 0.00 0.00
310.0 523.0 0.00 0.00
423.0 523.0 0.00 0.00
466.0 523.0 0.00 0.00
471.0 523.0 0.00 0.00
525.0 523.0 0.00 0.00
742.0 523.0 0.00 0.00
753.0 523.0 0.00 0.00
803.0 523.0 0.00 0.00
855.0 523.0 0.00 0.00
971.0 523.0 0.00 0.00
35.0 524.0 0.00 0.00
171.0 524.0 0.00 0.00
207.0 524.0 0.00 0.00
232.0 524.0 0.00 0.00
321.0 524.0 0.00 0.00
347.0 524.0 0.00 0.00
437.0 524.0 0.00 0.00
458.0 524.0 0.00 0.00
482.0 524.0 0.00 0.00
160.0 525.0 0.00 0.00
165.0 525.0 0.00 0.00
212.0 525.0 0.00 0.00
300.0 525.0 0.00 0.00
487.0 525.0 0.00 0.00
492.0 525.0 0.00 0.00
531.0 525.0 0.00 0.00
536.0 525.0 0.00 0.00
541.0 525.0 0.00 0.00
616.0 525.0 0.00 0.00
691.0 525.0 0.00 0.00
733.0 525.0 0.00 0.00
831.0 525.0 0.00 0.00
896.0 525.0 0.00 0.00
50.0 526.0 0.00 0.00
220.0 526.0 0.00 0.00
546.0 526.0 0.00 0.00
885.0 526.0 0.00 0.00
891.0 526.0 0.00 0.00
901.0 526.0 0.00 0.00
980.0 526.0 0.00 0.00
991.0 526.0 0.00 0.00
135.0 527.0 0.00 0.00
551.0 527.0 0.00 0.00
792.0 527.0 0.00 0.00
861.0 527.0 0.00 0.00
866.0 527.0 0.00 0.00
880.0 527.0 0.00 0.00
922.0 527.0 0.00 0.00
934.0 527.0 0.00 0.00
939.0 527.0 0.00 0.00
944.0 527.0 0.00 0.00
952.0 527.0 0.00 0.00
957.0 527.0 0.00 0.00
1015.0 527.0 0.00 0.00
65.0 528.0 0.00 0.00
453.0 528.0 0.00 0.00
469.0 528.0 0.00 0.00
601.0 528.0 0.00 0.00
627.0 528.0 0.00 0.00
776.0 528.0 0.00 0.00
912.0 528.0 0.00 0.00
917.0 528.0 0.00 0.00
965.0 528.0 0.00 0.00
996.0 528.0 0.00 0.00
1001.0 528.0 0.00 0.00
1009.0 528.0 0.00 0.00
82.0 529.0 0.00 0.00
92.0 529.0 0.00 0.00
149.0 529.0 0.00 0.00
346.0 529.0 0.00 0.00
405.0 529.0 0.00 0.00
497.0 529.0 0.00 0.00
621.0 529.0 0.00 0.00
188.0 530.0 0.00 0.00
239.0 530.0 0.00 0.00
448.0 530.0 0.00 0.00
695.0 530.0 0.00 0.00
708.0 530.0 0.00 0.00
733.0 530.0 0.00 0.00
101.0 531.0 0.00 0.00
504.0 531.0 0.00 0.00
747.0 531.0 0.00 0.00
798.0 531.0 0.00 0.00
131.0 532.0 0.00 0.00
514.0 532.0 0.00 0.00
742.0 532.0 0.00 0.00
786.0 532.0 0.00 0.00
124.0 533.0 0.00 0.00
175.0 533.0 0.00 0.00
207.0 533.0 0.00 0.00
419.0 533.0 0.00 0.00
723.0 533.0 0.00 0.00
913.0 533.0 0.00 0.00
25.0 534.0 0.00 0.00
82.0 534.0 0.00 0.00
137.0 534.0 0.00 0.00
142.0 534.0 0.00 0.00
149.0 534.0 0.00 0.00
312.0 534.0 0.00 0.00
346.0 534.0 0.00 0.00
424.0 534.0 0.00 0.00
435.0 534.0 0.00 0.00
464.0 534.0 0.00 0.00
496.0 534.0 0.00 0.00
549.0 534.0 0.00 0.00
613.0 534.0 0.00 0.00
648.0 534.0 0.00 0.00
760.0 534.0 0.00 0.00
827.0 534.0 0.00 0.00
847.0 534.0 0.00 0.00
49.0 535.0 0.00 0.00
188.0 535.0 0.00 0.00
227.0 535.0 0.00 0.00
298.0 535.0 0.00 0.00
323.0 535.0 0.00 0.00
522.0 535.0 0.00 0.00
618.0 535.0 0.00 0.00
623.0 535.0 0.00 0.00
696.0 535.0 0.00 0.00
734.0 535.0 0.00 0.00
752.0 535.0 0.00 0.00
903.0 535.0 0.00 0.00
957.0 535.0 0.00 0.00
112.0 536.0 0.00 0.00
235.0 536.0 0.00 0.00
268.0 536.0 0.00 0.00
283.0 536.0 0.00 0.00
628.0 536.0 0.00 0.00
68.0 537.0 0.00 0.00
836.0 537.0 0.00 0.00
860.0 537.0 0.00 0.00
98.0 538.0 0.00 0.00
166.0 538.0 0.00 0.00
805.0 538.0 0.00 0.00
884.0 538.0 0.00 0.00
925.0 538.0 0.00 0.00
44.0 539.0 0.00 0.00
82.0 539.0 0.00 0.00
180.0 539.0 0.00 0.00
215.0 539.0 0.00 0.00
220.0 539.0 0.00 0.00
551.0 539.0 0.00 0.00
760.0 539.0 0.00 0.00
826.0 539.0 0.00 0.00
964.0 539.0 0.00 0.00
49.0 540.0 0.00 0.00
153.0 540.0 0.00 0.00
225.0 540.0 0.00 0.00
230.0 540.0 0.00 0.00
298.0 540.0 0.00 0.00
330.0 540.0 0.00 0.00
614.0 540.0 0.00 0.00
620.0 540.0 0.00 0.00
658.0 540.0 0.00 0.00
735.0 540.0 0.00 0.00
795.0 540.0 0.00 0.00
1002.0 540.0 0.00 0.00
8.0 541.0 0.00 0.00
235.0 541.0 0.00 0.00
246.0 541.0 0.00 0.00
303.0 541.0 0.00 0.00
338.0 541.0 0.00 0.00
345.0 541.0 0.00 0.00
375.0 541.0 0.00 0.00
608.0 541.0 0.00 0.00
23.0 542.0 0.00 0.00
67.0 542.0 0.00 0.00
254.0 542.0 0.00 0.00
367.0 542.0 0.00 0.00
457.0 542.0 0.00 0.00
533.0 542.0 0.00 0.00
38.0 543.0 0.00 0.00
98.0 543.0 0.00 0.00
293.0 543.0 0.00 0.00
383.0 543.0 0.00 0.00
686.0 543.0 0.00 0.00
741.0 543.0 0.00 0.00
805.0 543.0 0.00 0.00
912.0 543.0 0.00 0.00
44.0 544.0 0.00 0.00
81.0 544.0 0.00 0.00
143.0 544.0 0.00 0.00
213.0 544.0 0.00 0.00
408.0 544.0 0.00 0.00
428.0 544.0 0.00 0.00
553.0 544.0 0.00 0.00
759.0 544.0 0.00 0.00
774.0 544.0 0.00 0.00
800.0 544.0 0.00 0.00
818.0 544.0 0.00 0.00
153.0 545.0 0.00 0.00
176.0 545.0 0.00 0.00
186.0 545.0 0.00 0.00
191.0 545.0 0.00 0.00
208.0 545.0 0.00 0.00
298.0 545.0 0.00 0.00
416.0 545.0 0.00 0.00
443.0 545.0 0.00 0.00
464.0 545.0 0.00 0.00
469.0 545.0 0.00 0.00
1012.0 545.0 0.00 0.00
55.0 546.0 0.00 0.00
62.0 546.0 0.00 0.00
107.0 546.0 0.00 0.00
239.0 546.0 0.00 0.00
474.0 546.0 0.00 0.00
487.0 546.0 0.00 0.00
610.0 546.0 0.00 0.00
750.0 546.0 0.00 0.00
902.0 546.0 0.00 0.00
961.0 546.0 0.00 0.00
615.0 547.0 0.00 0.00
122.0 548.0 0.00 0.00
127.0 548.0 0.00 0.00
390.0 548.0 0.00 0.00
624.0 548.0 0.00 0.00
807.0 548.0 0.00 0.00
915.0 548.0 0.00 0.00
979.0 548.0 0.00 0.00
43.0 549.0 0.00 0.00
213.0 549.0 0.00 0.00
527.0 549.0 0.00 0.00
605.0 549.0 0.00 0.00
774.0 549.0 0.00 0.00
802.0 549.0 0.00 0.00
99.0 550.0 0.00 0.00
190.0 550.0 0.00 0.00
195.0 550.0 0.00 0.00
200.0 550.0 0.00 0.00
225.0 550.0 0.00 0.00
230.0 550.0 0.00 0.00
536.0 550.0 0.00 0.00
632.0 550.0 0.00 0.00
652.0 550.0 0.00 0.00
659.0 550.0 0.00 0.00
664.0 550.0 0.00 0.00
681.0 550.0 0.00 0.00
686.0 550.0 0.00 0.00
719.0 550.0 0.00 0.00
11.0 551.0 0.00 0.00
61.0 551.0 0.00 0.00
112.0 551.0 0.00 0.00
153.0 551.0 0.00 0.00
353.0 551.0 0.00 0.00
363.0 551.0 0.00 0.00
433.0 551.0 0.00 0.00
438.0 551.0 0.00 0.00
459.0 551.0 0.00 0.00
487.0 551.0 0.00 0.00
647.0 551.0 0.00 0.00
691.0 551.0 0.00 0.00
734.0 551.0 0.00 0.00
754.0 551.0 0.00 0.00
1004.0 551.0 0.00 0.00
117.0 552.0 0.00 0.00
174.0 552.0 0.00 0.00
339.0 552.0 0.00 0.00
639.0 552.0 0.00 0.00
696.0 552.0 0.00 0.00
727.0 552.0 0.00 0.00
788.0 552.0 0.00 0.00
937.0 552.0 0.00 0.00
50.0 553.0 0.00 0.00
179.0 553.0 0.00 0.00
247.0 553.0 0.00 0.00
419.0 553.0 0.00 0.00
961.0 553.0 0.00 0.00
68.0 554.0 0.00 0.00
290.0 554.0 0.00 0.00
547.0 554.0 0.00 0.00
804.0 554.0 0.00 0.00
928.0 554.0 0.00 0.00
992.0 554.0 0.00 0.00
44.0 555.0 0.00 0.00
87.0 555.0 0.00 0.00
122.0 555.0 0.00 0.00
185.0 555.0 0.00 0.00
190.0 555.0 0.00 0.00
259.0 555.0 0.00 0.00
305.0 555.0 0.00 0.00
405.0 555.0 0.00 0.00
78.0 556.0 0.00 0.00
92.0 556.0 0.00 0.00
105.0 556.0 0.00 0.00
110.0 556.0 0.00 0.00
152.0 556.0 0.00 0.00
231.0 556.0 0.00 0.00
479.0 556.0 0.00 0.00
484.0 556.0 0.00 0.00
117.0 557.0 0.00 0.00
140.0 557.0 0.00 0.00
213.0 557.0 0.00 0.00
757.0 557.0 0.00 0.00
55.0 558.0 0.00 0.00
163.0 558.0 0.00 0.00
208.0 558.0 0.00 0.00
219.0 558.0 0.00 0.00
280.0 558.0 0.00 0.00
495.0 558.0 0.00 0.00
690.0 558.0 0.00 0.00
697.0 558.0 0.00 0.00
815.0 558.0 0.00 0.00
961.0 558.0 0.00 0.00
237.0 559.0 0.00 0.00
361.0 559.0 0.00 0.00
383.0 559.0 0.00 0.00
671.0 559.0 0.00 0.00
1002.0 559.0 0.00 0.00
44.0 560.0 0.00 0.00
69.0 560.0 0.00 0.00
540.0 560.0 0.00 0.00
804.0 560.0 0.00 0.00
858.0 560.0 0.00 0.00
33.0 561.0 0.00 0.00
95.0 561.0 0.00 0.00
100.0 561.0 0.00 0.00
105.0 561.0 0.00 0.00
110.0 561.0 0.00 0.00
172.0 561.0 0.00 0.00
184.0 561.0 0.00 0.00
396.0 561.0 0.00 0.00
531.0 561.0 0.00 0.00
741.0 561.0 0.00 0.00
779.0 561.0 0.00 0.00
259.0 562.0 0.00 0.00
264.0 562.0 0.00 0.00
351.0 562.0 0.00 0.00
371.0 562.0 0.00 0.00
391.0 562.0 0.00 0.00
580.0 562.0 0.00 0.00
626.0 562.0 0.00 0.00
792.0 562.0 0.00 0.00
158.0 563.0 0.00 0.00
202.0 563.0 0.00 0.00
285.0 563.0 0.00 0.00
294.0 563.0 0.00 0.00
496.0 563.0 0.00 0.00
562.0 563.0 0.00 0.00
640.0 563.0 0.00 0.00
653.0 563.0 0.00 0.00
658.0 563.0 0.00 0.00
664.0 563.0 0.00 0.00
676.0 563.0 0.00 0.00
681.0 563.0 0.00 0.00
720.0 563.0 0.00 0.00
725.0 563.0 0.00 0.00
731.0 563.0 0.00 0.00
961.0 563.0 0.00 0.00
86.0 564.0 0.00 0.00
229.0 564.0 0.00 0.00
405.0 564.0 0.00 0.00
822.0 564.0 0.00 0.00
927.0 564.0 0.00 0.00
21.0 565.0 0.00 0.00
44.0 565.0 0.00 0.00
53.0 565.0 0.00 0.00
62.0 565.0 0.00 0.00
70.0 565.0 0.00 0.00
125.0 565.0 0.00 0.00
133.0 565.0 0.00 0.00
142.0 565.0 0.00 0.00
315.0 565.0 0.00 0.00
413.0 565.0 0.00 0.00
440.0 565.0 0.00 0.00
767.0 565.0 0.00 0.00
224.0 566.0 0.00 0.00
779.0 566.0 0.00 0.00
107.0 567.0 0.00 0.00
219.0 567.0 0.00 0.00
424.0 567.0 0.00 0.00
811.0 567.0 0.00 0.00
79.0 568.0 0.00 0.00
112.0 568.0 0.00 0.00
183.0 568.0 0.00 0.00
295.0 568.0 0.00 0.00
509.0 568.0 0.00 0.00
677.0 568.0 0.00 0.00
85.0 569.0 0.00 0.00
117.0 569.0 0.00 0.00
158.0 569.0 0.00 0.00
202.0 569.0 0.00 0.00
789.0 569.0 0.00 0.00
69.0 570.0 0.00 0.00
91.0 570.0 0.00 0.00
96.0 570.0 0.00 0.00
316.0 570.0 0.00 0.00
540.0 570.0 0.00 0.00
589.0 570.0 0.00 0.00
686.0 570.0 0.00 0.00
828.0 570.0 0.00 0.00
833.0 570.0 0.00 0.00
910.0 570.0 0.00 0.00
989.0 570.0 0.00 0.00
56.0 571.0 0.00 0.00
101.0 571.0 0.00 0.00
257.0 571.0 0.00 0.00
459.0 571.0 0.00 0.00
670.0 571.0 0.00 0.00
780.0 571.0 0.00 0.00
74.0 572.0 0.00 0.00
169.0 572.0 0.00 0.00
214.0 572.0 0.00 0.00
304.0 572.0 0.00 0.00
810.0 572.0 0.00 0.00
1002.0 572.0 0.00 0.00
40.0 573.0 0.00 0.00
79.0 573.0 0.00 0.00
164.0 573.0 0.00 0.00
182.0 573.0 0.00 0.00
193.0 573.0 0.00 0.00
248.0 573.0 0.00 0.00
288.0 573.0 0.00 0.00
368.0 573.0 0.00 0.00
798.0 573.0 0.00 0.00
803.0 573.0 0.00 0.00
844.0 573.0 0.00 0.00
940.0 573.0 0.00 0.00
996.0 573.0 0.00 0.00
85.0 574.0 0.00 0.00
200.0 574.0 0.00 0.00
274.0 574.0 0.00 0.00
760.0 574.0 0.00 0.00
770.0 574.0 0.00 0.00
793.0 574.0 0.00 0.00
69.0 575.0 0.00 0.00
90.0 575.0 0.00 0.00
147.0 575.0 0.00 0.00
824.0 575.0 0.00 0.00
829.0 575.0 0.00 0.00
116.0 576.0 0.00 0.00
401.0 576.0 0.00 0.00
415.0 576.0 0.00 0.00
834.0 576.0 0.00 0.00
858.0 576.0 0.00 0.00
126.0 577.0 0.00 0.00
187.0 577.0 0.00 0.00
297.0 577.0 0.00 0.00
917.0 577.0 0.00 0.00
55.0 578.0 0.00 0.00
161.0 578.0 0.00 0.00
179.0 578.0 0.00 0.00
382.0 578.0 0.00 0.00
436.0 578.0 0.00 0.00
687.0 578.0 0.00 0.00
704.0 578.0 0.00 0.00
726.0 578.0 0.00 0.00
28.0 579.0 0.00 0.00
628.0 579.0 0.00 0.00
659.0 579.0 0.00 0.00
664.0 579.0 0.00 0.00
802.0 579.0 0.00 0.00
557.0 580.0 0.00 0.00
586.0 580.0 0.00 0.00
669.0 580.0 0.00 0.00
8.0 581.0 0.00 0.00
13.0 581.0 0.00 0.00
80.0 581.0 0.00 0.00
140.0 581.0 0.00 0.00
241.0 581.0 0.00 0.00
581.0 581.0 0.00 0.00
840.0 581.0 0.00 0.00
845.0 581.0 0.00 0.00
961.0 581.0 0.00 0.00
40.0 582.0 0.00 0.00
288.0 582.0 0.00 0.00
917.0 582.0 0.00 0.00
1015.0 582.0 0.00 0.00
75.0 583.0 0.00 0.00
89.0 583.0 0.00 0.00
162.0 583.0 0.00 0.00
191.0 583.0 0.00 0.00
216.0 583.0 0.00 0.00
222.0 583.0 0.00 0.00
431.0 583.0 0.00 0.00
749.0 583.0 0.00 0.00
757.0 583.0 0.00 0.00
904.0 583.0 0.00 0.00
70.0 584.0 0.00 0.00
307.0 584.0 0.00 0.00
380.0 584.0 0.00 0.00
396.0 584.0 0.00 0.00
482.0 584.0 0.00 0.00
802.0 584.0 0.00 0.00
994.0 584.0 0.00 0.00
55.0 585.0 0.00 0.00
209.0 585.0 0.00 0.00
408.0 585.0 0.00 0.00
451.0 585.0 0.00 0.00
885.0 585.0 0.00 0.00
923.0 585.0 0.00 0.00
362.0 586.0 0.00 0.00
460.0 586.0 0.00 0.00
653.0 586.0 0.00 0.00
679.0 586.0 0.00 0.00
846.0 586.0 0.00 0.00
940.0 586.0 0.00 0.00
949.0 586.0 0.00 0.00
255.0 587.0 0.00 0.00
261.0 587.0 0.00 0.00
316.0 587.0 0.00 0.00
646.0 587.0 0.00 0.00
723.0 587.0 0.00 0.00
114.0 588.0 0.00 0.00
134.0 588.0 0.00 0.00
250.0 588.0 0.00 0.00
728.0 588.0 0.00 0.00
932.0 588.0 0.00 0.00
69.0 589.0 0.00 0.00
376.0 589.0 0.00 0.00
381.0 589.0 0.00 0.00
667.0 589.0 0.00 0.00
792.0 589.0 0.00 0.00
835.0 589.0 0.00 0.00
877.0 589.0 0.00 0.00
912.0 589.0 0.00 0.00
917.0 589.0 0.00 0.00
959.0 589.0 0.00 0.00
964.0 589.0 0.00 0.00
1015.0 589.0 0.00 0.00
55.0 590.0 0.00 0.00
151.0 590.0 0.00 0.00
856.0 590.0 0.00 0.00
923.0 590.0 0.00 0.00
164.0 591.0 0.00 0.00
237.0 591.0 0.00 0.00
969.0 591.0 0.00 0.00
178.0 592.0 0.00 0.00
315.0 592.0 0.00 0.00
628.0 592.0 0.00 0.00
64.0 593.0 0.00 0.00
95.0 593.0 0.00 0.00
274.0 593.0 0.00 0.00
356.0 593.0 0.00 0.00
810.0 593.0 0.00 0.00
846.0 593.0 0.00 0.00
8.0 594.0 0.00 0.00
185.0 594.0 0.00 0.00
204.0 594.0 0.00 0.00
246.0 594.0 0.00 0.00
421.0 594.0 0.00 0.00
981.0 594.0 0.00 0.00
993.0 594.0 0.00 0.00
27.0 595.0 0.00 0.00
58.0 595.0 0.00 0.00
73.0 595.0 0.00 0.00
81.0 595.0 0.00 0.00
86.0 595.0 0.00 0.00
127.0 595.0 0.00 0.00
144.0 595.0 0.00 0.00
371.0 595.0 0.00 0.00
1001.0 595.0 0.00 0.00
38.0 596.0 0.00 0.00
53.0 596.0 0.00 0.00
104.0 596.0 0.00 0.00
109.0 596.0 0.00 0.00
139.0 596.0 0.00 0.00
345.0 596.0 0.00 0.00
557.0 596.0 0.00 0.00
657.0 596.0 0.00 0.00
789.0 596.0 0.00 0.00
833.0 596.0 0.00 0.00
885.0 596.0 0.00 0.00
1006.0 596.0 0.00 0.00
1015.0 596.0 0.00 0.00
18.0 597.0 0.00 0.00
48.0 597.0 0.00 0.00
132.0 597.0 0.00 0.00
742.0 597.0 0.00 0.00
851.0 597.0 0.00 0.00
856.0 597.0 0.00 0.00
893.0 597.0 0.00 0.00
899.0 597.0 0.00 0.00
287.0 598.0 0.00 0.00
409.0 598.0 0.00 0.00
537.0 598.0 0.00 0.00
802.0 598.0 0.00 0.00
841.0 598.0 0.00 0.00
846.0 598.0 0.00 0.00
193.0 599.0 0.00 0.00
204.0 599.0 0.00 0.00
245.0 599.0 0.00 0.00
255.0 599.0 0.00 0.00
328.0 599.0 0.00 0.00
381.0 599.0 0.00 0.00
671.0 599.0 0.00 0.00
911.0 599.0 0.00 0.00
198.0 600.0 0.00 0.00
209.0 600.0 0.00 0.00
389.0 600.0 0.00 0.00
649.0 600.0 0.00 0.00
269.0 601.0 0.00 0.00
451.0 601.0 0.00 0.00
531.0 601.0 0.00 0.00
946.0 601.0 0.00 0.00
1006.0 601.0 0.00 0.00
66.0 602.0 0.00 0.00
188.0 602.0 0.00 0.00
221.0 602.0 0.00 0.00
508.0 602.0 0.00 0.00
516.0 602.0 0.00 0.00
629.0 602.0 0.00 0.00
810.0 602.0 0.00 0.00
853.0 602.0 0.00 0.00
869.0 602.0 0.00 0.00
48.0 603.0 0.00 0.00
130.0 603.0 0.00 0.00
164.0 603.0 0.00 0.00
425.0 603.0 0.00 0.00
620.0 603.0 0.00 0.00
848.0 603.0 0.00 0.00
984.0 603.0 0.00 0.00
28.0 604.0 0.00 0.00
177.0 604.0 0.00 0.00
203.0 604.0 0.00 0.00
240.0 604.0 0.00 0.00
281.0 604.0 0.00 0.00
317.0 604.0 0.00 0.00
591.0 604.0 0.00 0.00
796.0 604.0 0.00 0.00
150.0 605.0 0.00 0.00
182.0 605.0 0.00 0.00
859.0 605.0 0.00 0.00
884.0 605.0 0.00 0.00
787.0 606.0 0.00 0.00
876.0 606.0 0.00 0.00
995.0 606.0 0.00 0.00
76.0 607.0 0.00 0.00
188.0 607.0 0.00 0.00
602.0 607.0 0.00 0.00
869.0 607.0 0.00 0.00
960.0 607.0 0.00 0.00
965.0 607.0 0.00 0.00
978.0 607.0 0.00 0.00
10.0 608.0 0.00 0.00
48.0 608.0 0.00 0.00
120.0 608.0 0.00 0.00
131.0 608.0 0.00 0.00
212.0 608.0 0.00 0.00
342.0 608.0 0.00 0.00
347.0 608.0 0.00 0.00
353.0 608.0 0.00 0.00
358.0 608.0 0.00 0.00
365.0 608.0 0.00 0.00
371.0 608.0 0.00 0.00
955.0 608.0 0.00 0.00
1015.0 608.0 0.00 0.00
65.0 609.0 0.00 0.00
71.0 609.0 0.00 0.00
305.0 609.0 0.00 0.00
316.0 609.0 0.00 0.00
505.0 609.0 0.00 0.00
813.0 609.0 0.00 0.00
917.0 609.0 0.00 0.00
38.0 610.0 0.00 0.00
383.0 610.0 0.00 0.00
550.0 610.0 0.00 0.00
694.0 610.0 0.00 0.00
703.0 610.0 0.00 0.00
807.0 610.0 0.00 0.00
1002.0 610.0 0.00 0.00
203.0 611.0 0.00 0.00
394.0 611.0 0.00 0.00
421.0 611.0 0.00 0.00
678.0 611.0 0.00 0.00
971.0 611.0 0.00 0.00
165.0 612.0 0.00 0.00
174.0 612.0 0.00 0.00
187.0 612.0 0.00 0.00
286.0 612.0 0.00 0.00
329.0 612.0 0.00 0.00
456.0 612.0 0.00 0.00
838.0 612.0 0.00 0.00
16.0 613.0 0.00 0.00
212.0 613.0 0.00 0.00
472.0 613.0 0.00 0.00
928.0 613.0 0.00 0.00
113.0 614.0 0.00 0.00
131.0 614.0 0.00 0.00
231.0 614.0 0.00 0.00
277.0 614.0 0.00 0.00
315.0 614.0 0.00 0.00
415.0 614.0 0.00 0.00
479.0 614.0 0.00 0.00
505.0 614.0 0.00 0.00
526.0 614.0 0.00 0.00
573.0 614.0 0.00 0.00
872.0 614.0 0.00 0.00
891.0 614.0 0.00 0.00
39.0 615.0 0.00 0.00
240.0 615.0 0.00 0.00
271.0 615.0 0.00 0.00
484.0 615.0 0.00 0.00
492.0 615.0 0.00 0.00
567.0 615.0 0.00 0.00
204.0 616.0 0.00 0.00
251.0 616.0 0.00 0.00
561.0 616.0 0.00 0.00
965.0 616.0 0.00 0.00
96.0 617.0 0.00 0.00
324.0 617.0 0.00 0.00
604.0 617.0 0.00 0.00
20.0 618.0 0.00 0.00
687.0 618.0 0.00 0.00
926.0 618.0 0.00 0.00
29.0 619.0 0.00 0.00
225.0 619.0 0.00 0.00
314.0 619.0 0.00 0.00
334.0 619.0 0.00 0.00
548.0 619.0 0.00 0.00
879.0 619.0 0.00 0.00
900.0 619.0 0.00 0.00
109.0 620.0 0.00 0.00
178.0 620.0 0.00 0.00
183.0 620.0 0.00 0.00
220.0 620.0 0.00 0.00
271.0 620.0 0.00 0.00
402.0 620.0 0.00 0.00
833.0 620.0 0.00 0.00
973.0 620.0 0.00 0.00
11.0 621.0 0.00 0.00
131.0 621.0 0.00 0.00
163.0 621.0 0.00 0.00
204.0 621.0 0.00 0.00
857.0 621.0 0.00 0.00
64.0 622.0 0.00 0.00
237.0 622.0 0.00 0.00
301.0 622.0 0.00 0.00
912.0 622.0 0.00 0.00
1015.0 622.0 0.00 0.00
38.0 623.0 0.00 0.00
194.0 623.0 0.00 0.00
258.0 623.0 0.00 0.00
296.0 623.0 0.00 0.00
925.0 623.0 0.00 0.00
242.0 624.0 0.00 0.00
247.0 624.0 0.00 0.00
349.0 624.0 0.00 0.00
894.0 624.0 0.00 0.00
85.0 625.0 0.00 0.00
277.0 625.0 0.00 0.00
288.0 625.0 0.00 0.00
391.0 625.0 0.00 0.00
827.0 625.0 0.00 0.00
884.0 625.0 0.00 0.00
930.0 625.0 0.00 0.00
1007.0 625.0 0.00 0.00
131.0 626.0 0.00 0.00
268.0 626.0 0.00 0.00
679.0 626.0 0.00 0.00
839.0 626.0 0.00 0.00
45.0 627.0 0.00 0.00
150.0 627.0 0.00 0.00
263.0 627.0 0.00 0.00
667.0 627.0 0.00 0.00
701.0 627.0 0.00 0.00
965.0 627.0 0.00 0.00
977.0 627.0 0.00 0.00
63.0 628.0 0.00 0.00
594.0 628.0 0.00 0.00
858.0 628.0 0.00 0.00
867.0 628.0 0.00 0.00
903.0 628.0 0.00 0.00
972.0 628.0 0.00 0.00
997.0 628.0 0.00 0.00
201.0 629.0 0.00 0.00
245.0 629.0 0.00 0.00
250.0 629.0 0.00 0.00
255.0 629.0 0.00 0.00
312.0 629.0 0.00 0.00
873.0 629.0 0.00 0.00
940.0 629.0 0.00 0.00
189.0 630.0 0.00 0.00
210.0 630.0 0.00 0.00
222.0 630.0 0.00 0.00
429.0 630.0 0.00 0.00
468.0 630.0 0.00 0.00
884.0 630.0 0.00 0.00
923.0 630.0 0.00 0.00
501.0 631.0 0.00 0.00
570.0 631.0 0.00 0.00
33.0 632.0 0.00 0.00
85.0 632.0 0.00 0.00
131.0 632.0 0.00 0.00
331.0 632.0 0.00 0.00
491.0 632.0 0.00 0.00
641.0 632.0 0.00 0.00
838.0 632.0 0.00 0.00
122.0 633.0 0.00 0.00
348.0 633.0 0.00 0.00
353.0 633.0 0.00 0.00
384.0 633.0 0.00 0.00
450.0 633.0 0.00 0.00
713.0 633.0 0.00 0.00
893.0 633.0 0.00 0.00
973.0 633.0 0.00 0.00
983.0 633.0 0.00 0.00
23.0 634.0 0.00 0.00
69.0 634.0 0.00 0.00
304.0 634.0 0.00 0.00
343.0 634.0 0.00 0.00
619.0 634.0 0.00 0.00
629.0 634.0 0.00 0.00
874.0 634.0 0.00 0.00
879.0 634.0 0.00 0.00
943.0 634.0 0.00 0.00
988.0 634.0 0.00 0.00
15.0 635.0 0.00 0.00
48.0 635.0 0.00 0.00
164.0 635.0 0.00 0.00
180.0 635.0 0.00 0.00
244.0 635.0 0.00 0.00
857.0 635.0 0.00 0.00
948.0 635.0 0.00 0.00
956.0 635.0 0.00 0.00
884.0 636.0 0.00 0.00
33.0 637.0 0.00 0.00
145.0 637.0 0.00 0.00
338.0 637.0 0.00 0.00
559.0 637.0 0.00 0.00
675.0 637.0 0.00 0.00
696.0 637.0 0.00 0.00
838.0 637.0 0.00 0.00
865.0 637.0 0.00 0.00
963.0 637.0 0.00 0.00
968.0 637.0 0.00 0.00
109.0 638.0 0.00 0.00
348.0 638.0 0.00 0.00
381.0 638.0 0.00 0.00
448.0 638.0 0.00 0.00
662.0 638.0 0.00 0.00
913.0 638.0 0.00 0.00
974.0 638.0 0.00 0.00
983.0 638.0 0.00 0.00
1006.0 638.0 0.00 0.00
209.0 639.0 0.00 0.00
214.0 639.0 0.00 0.00
376.0 639.0 0.00 0.00
518.0 639.0 0.00 0.00
902.0 639.0 0.00 0.00
931.0 639.0 0.00 0.00
1015.0 639.0 0.00 0.00
170.0 640.0 0.00 0.00
245.0 640.0 0.00 0.00
322.0 640.0 0.00 0.00
529.0 640.0 0.00 0.00
761.0 640.0 0.00 0.00
813.0 640.0 0.00 0.00
50.0 641.0 0.00 0.00
91.0 641.0 0.00 0.00
202.0 641.0 0.00 0.00
223.0 641.0 0.00 0.00
832.0 641.0 0.00 0.00
857.0 641.0 0.00 0.00
993.0 641.0 0.00 0.00
120.0 642.0 0.00 0.00
125.0 642.0 0.00 0.00
185.0 642.0 0.00 0.00
301.0 642.0 0.00 0.00
335.0 642.0 0.00 0.00
133.0 643.0 0.00 0.00
296.0 643.0 0.00 0.00
444.0 643.0 0.00 0.00
524.0 643.0 0.00 0.00
610.0 643.0 0.00 0.00
869.0 643.0 0.00 0.00
885.0 643.0 0.00 0.00
981.0 643.0 0.00 0.00
147.0 644.0 0.00 0.00
379.0 644.0 0.00 0.00
439.0 644.0 0.00 0.00
605.0 644.0 0.00 0.00
927.0 644.0 0.00 0.00
142.0 645.0 0.00 0.00
411.0 645.0 0.00 0.00
621.0 645.0 0.00 0.00
648.0 645.0 0.00 0.00
876.0 645.0 0.00 0.00
431.0 646.0 0.00 0.00
689.0 646.0 0.00 0.00
70.0 647.0 0.00 0.00
115.0 647.0 0.00 0.00
164.0 647.0 0.00 0.00
291.0 647.0 0.00 0.00
965.0 647.0 0.00 0.00
1010.0 647.0 0.00 0.00
1015.0 647.0 0.00 0.00
16.0 648.0 0.00 0.00
40.0 648.0 0.00 0.00
335.0 648.0 0.00 0.00
579.0 648.0 0.00 0.00
678.0 648.0 0.00 0.00
698.0 648.0 0.00 0.00
868.0 648.0 0.00 0.00
1002.0 648.0 0.00 0.00
150.0 649.0 0.00 0.00
202.0 649.0 0.00 0.00
224.0 649.0 0.00 0.00
278.0 649.0 0.00 0.00
473.0 649.0 0.00 0.00
666.0 649.0 0.00 0.00
863.0 649.0 0.00 0.00
57.0 650.0 0.00 0.00
137.0 650.0 0.00 0.00
241.0 650.0 0.00 0.00
247.0 650.0 0.00 0.00
265.0 650.0 0.00 0.00
485.0 650.0 0.00 0.00
557.0 650.0 0.00 0.00
661.0 650.0 0.00 0.00
856.0 650.0 0.00 0.00
902.0 650.0 0.00 0.00
76.0 651.0 0.00 0.00
546.0 651.0 0.00 0.00
644.0 651.0 0.00 0.00
67.0 652.0 0.00 0.00
88.0 652.0 0.00 0.00
463.0 652.0 0.00 0.00
983.0 652.0 0.00 0.00
197.0 653.0 0.00 0.00
605.0 653.0 0.00 0.00
755.0 653.0 0.00 0.00
885.0 653.0 0.00 0.00
911.0 653.0 0.00 0.00
918.0 653.0 0.00 0.00
12.0 654.0 0.00 0.00
20.0 654.0 0.00 0.00
25.0 654.0 0.00 0.00
62.0 654.0 0.00 0.00
121.0 654.0 0.00 0.00
128.0 654.0 0.00 0.00
525.0 654.0 0.00 0.00
876.0 654.0 0.00 0.00
57.0 655.0 0.00 0.00
116.0 655.0 0.00 0.00
188.0 655.0 0.00 0.00
661.0 655.0 0.00 0.00
854.0 655.0 0.00 0.00
211.0 656.0 0.00 0.00
286.0 656.0 0.00 0.00
651.0 656.0 0.00 0.00
100.0 657.0 0.00 0.00
148.0 657.0 0.00 0.00
206.0 657.0 0.00 0.00
335.0 657.0 0.00 0.00
356.0 657.0 0.00 0.00
623.0 657.0 0.00 0.00
774.0 657.0 0.00 0.00
934.0 657.0 0.00 0.00
948.0 657.0 0.00 0.00
1005.0 657.0 0.00 0.00
143.0 658.0 0.00 0.00
340.0 658.0 0.00 0.00
504.0 658.0 0.00 0.00
8.0 659.0 0.00 0.00
42.0 659.0 0.00 0.00
48.0 659.0 0.00 0.00
267.0 659.0 0.00 0.00
272.0 659.0 0.00 0.00
379.0 659.0 0.00 0.00
516.0 659.0 0.00 0.00
709.0 659.0 0.00 0.00
996.0 659.0 0.00 0.00
136.0 660.0 0.00 0.00
373.0 660.0 0.00 0.00
487.0 660.0 0.00 0.00
671.0 660.0 0.00 0.00
696.0 660.0 0.00 0.00
764.0 660.0 0.00 0.00
875.0 660.0 0.00 0.00
80.0 661.0 0.00 0.00
213.0 661.0 0.00 0.00
392.0 661.0 0.00 0.00
112.0 662.0 0.00 0.00
158.0 662.0 0.00 0.00
163.0 662.0 0.00 0.00
168.0 662.0 0.00 0.00
1005.0 662.0 0.00 0.00
122.0 663.0 0.00 0.00
127.0 663.0 0.00 0.00
176.0 663.0 0.00 0.00
301.0 663.0 0.00 0.00
590.0 663.0 0.00 0.00
626.0 663.0 0.00 0.00
683.0 663.0 0.00 0.00
771.0 663.0 0.00 0.00
790.0 663.0 0.00 0.00
928.0 663.0 0.00 0.00
971.0 663.0 0.00 0.00
977.0 663.0 0.00 0.00
1010.0 663.0 0.00 0.00
45.0 664.0 0.00 0.00
89.0 664.0 0.00 0.00
906.0 664.0 0.00 0.00
911.0 664.0 0.00 0.00
982.0 664.0 0.00 0.00
1015.0 664.0 0.00 0.00
183.0 665.0 0.00 0.00
190.0 665.0 0.00 0.00
291.0 665.0 0.00 0.00
656.0 665.0 0.00 0.00
875.0 665.0 0.00 0.00
916.0 665.0 0.00 0.00
101.0 666.0 0.00 0.00
529.0 666.0 0.00 0.00
18.0 667.0 0.00 0.00
57.0 667.0 0.00 0.00
323.0 667.0 0.00 0.00
371.0 667.0 0.00 0.00
402.0 667.0 0.00 0.00
411.0 667.0 0.00 0.00
645.0 667.0 0.00 0.00
887.0 667.0 0.00 0.00
892.0 667.0 0.00 0.00
962.0 667.0 0.00 0.00
1001.0 667.0 0.00 0.00
225.0 668.0 0.00 0.00
328.0 668.0 0.00 0.00
825.0 668.0 0.00 0.00
925.0 668.0 0.00 0.00
244.0 669.0 0.00 0.00
780.0 669.0 0.00 0.00
830.0 669.0 0.00 0.00
836.0 669.0 0.00 0.00
35.0 670.0 0.00 0.00
140.0 670.0 0.00 0.00
876.0 670.0 0.00 0.00
24.0 671.0 0.00 0.00
78.0 671.0 0.00 0.00
99.0 671.0 0.00 0.00
119.0 671.0 0.00 0.00
151.0 671.0 0.00 0.00
180.0 671.0 0.00 0.00
205.0 671.0 0.00 0.00
210.0 671.0 0.00 0.00
216.0 671.0 0.00 0.00
284.0 671.0 0.00 0.00
361.0 671.0 0.00 0.00
391.0 671.0 0.00 0.00
475.0 671.0 0.00 0.00
510.0 671.0 0.00 0.00
565.0 671.0 0.00 0.00
629.0 671.0 0.00 0.00
669.0 671.0 0.00 0.00
863.0 671.0 0.00 0.00
871.0 671.0 0.00 0.00
944.0 671.0 0.00 0.00
949.0 671.0 0.00 0.00
991.0 671.0 0.00 0.00
